94,80,68,94,126,70,112,105,121,112,82,139,129,106,139,154,153,155,103,123,142,95,111,136,84,121,111,141,145,156,126,174,162,157,106,137,162,149,101,97,87,140,95,123,118,162,112,133,152,136,174,128,132,134,91,150,153,97,101,156,141,108,135,138,99,102,133,152,102,169,118,163,163,134,153,90,123,141,154,154,148,175,129,138,137,125,122,124,125,99,132,129,140,159,125,107,112,158,169,152,154,132,168,134,129,117,116,99,172,165,149,159,190,150,145,173,157,162,165,144,161,134,163,182,98,83,115,119
98,82,75,72,64,53,83,133,122,141,117,185,148,87,104,169,132,116,123,148,146,135,111,160,140,145,164,138,161,170,148,159,171,120,126,132,128,94,146,122,129,145,126,116,114,106,156,159,110,121,146,113,115,122,98,105,90,103,87,112,120,117,119,137,125,97,130,159,134,159,142,154,144,103,141,125,114,104,95,124,110,95,94,104,132,112,114,112,79,131,90,135,133,178,172,138,159,151,85,150,139,135,119,138,164,154,163,171,161,147,151,160,160,157,142,139,137,163,150,162,153,129,140,133,147,115,109,92
44,105,93,123,95,108,125,134,89,122,152,135,147,164,141,146,124,128,113,163,135,145,131,142,162,104,133,129,162,159,150,125,170,153,108,120,130,117,109,140,136,157,96,121,125,168,134,139,146,86,73,86,81,100,89,115,94,128,132,100,90,75,81,118,116,119,76,95,90,101,102,134,119,128,111,94,103,123,125,80,88,100,117,102,75,117,99,105,105,144,129,143,136,160,160,158,130,138,132,117,164,138,129,172,157,114,159,113,138,164,158,156,174,160,134,154,138,151,150,158,149,127,167,176,165,125,100,111
47,69,117,121,118,153,153,152,148,141,131,108,170,151,174,150,126,152,184,159,174,100,112,145,142,136,123,109,138,153,131,116,115,135,122,124,131,140,133,115,147,99,91,88,96,126,136,115,100,78,75,83,95,90,115,102,72,72,85,67,77,98,92,85,76,81,102,100,143,83,96,88,126,126,92,119,112,94,107,101,111,105,112,130,119,123,116,118,131,119,152,147,155,160,124,160,149,152,115,118,126,140,136,103,118,159,162,124,139,144,145,134,128,131,183,179,187,157,173,160,154,104,118,131,134,118,134,106
81,90,57,82,102,143,122,141,120,160,147,120,152,164,155,163,107,121,182,124,149,149,148,178,141,133,147,134,120,135,123,176,158,141,139,136,133,114,93,88,87,84,103,50,59,99,108,68,82,62,93,86,119,99,88,90,68,66,92,56,82,94,66,60,60,83,69,112,108,109,122,136,162,172,122,158,155,110,128,118,134,116,114,135,115,148,146,153,147,136,152,173,146,154,158,157,166,145,128,112,115,104,117,71,164,160,136,144,157,130,176,147,144,167,173,113,166,172,180,171,158,149,149,170,133,133,127,131
71,60,79,93,110,89,149,140,133,146,171,135,153,148,157,137,147,153,161,159,114,125,159,138,116,134,95,117,165,139,93,140,141,138,117,120,88,111,123,117,124,80,130,108,93,92,72,106,108,126,118,133,122,75,72,109,96,74,110,111,124,80,109,119,97,103,98,137,165,142,176,177,185,175,189,140,130,109,84,98,143,138,167,155,176,156,161,167,133,156,140,145,121,136,126,127,135,133,127,132,89,125,117,130,119,110,107,130,145,171,137,178,161,143,138,133,141,131,162,152,150,123,107,105,127,129,125,118
73,69,96,92,78,148,152,150,143,152,167,167,134,170,157,143,159,172,159,152,171,141,162,102,99,141,98,100,93,81,127,137,141,109,119,129,136,145,140,154,110,105,123,96,100,80,95,64,116,136,122,112,112,148,111,118,140,128,123,115,164,101,106,147,146,157,150,166,182,179,180,181,151,153,127,125,128,73,99,153,122,143,160,134,150,144,115,109,107,123,150,131,133,99,106,119,99,108,109,102,77,149,81,129,121,132,82,131,144,79,119,137,168,171,177,175,150,160,176,165,171,170,169,163,122,128,137,109
80,67,114,116,138,99,133,111,116,117,168,156,115,134,136,129,135,134,145,123,124,150,107,97,111,109,133,98,89,121,145,88,80,104,110,134,110,99,120,117,81,74,121,107,99,140,78,63,76,78,95,113,149,110,136,150,159,163,171,161,111,78,109,153,151,136,156,167,154,161,159,147,121,91,97,102,63,63,108,106,94,96,69,87,89,76,76,94,75,86,102,83,84,83,80,102,82,79,89,115,71,80,70,91,131,96,115,103,112,132,126,128,96,147,181,173,171,167,161,165,146,173,164,151,143,104,109,93
82,107,107,112,118,76,155,130,158,127,171,171,166,163,145,144,155,180,147,112,125,137,93,91,108,76,79,105,87,105,105,102,83,90,71,110,93,84,104,68,91,88,104,108,83,88,61,79,69,64,76,66,70,96,131,113,149,136,149,148,159,147,92,118,117,120,132,156,136,142,132,105,82,77,80,74,73,95,115,99,89,91,96,94,83,71,70,70,81,73,71,74,91,70,75,69,65,67,53,72,125,110,90,82,92,99,88,83,144,149,115,128,151,158,177,181,176,177,166,134,146,162,136,145,160,141,95,131
71,88,90,107,150,168,135,171,121,110,138,162,167,172,152,124,146,194,142,140,116,103,94,87,82,118,129,89,97,66,65,66,78,72,72,64,85,73,71,63,50,58,59,48,53,77,74,51,57,74,54,59,74,76,109,132,129,123,103,83,132,107,112,71,66,121,106,114,93,89,91,83,76,74,76,76,88,85,88,85,78,72,59,63,81,74,77,78,78,67,69,71,83,69,85,77,74,72,79,78,73,65,78,99,68,86,125,101,107,123,141,147,160,156,154,146,140,142,152,175,132,119,112,163,134,126,121,145
71,131,88,93,107,146,133,128,157,159,113,167,161,160,135,175,176,121,88,120,166,105,108,98,79,115,95,69,68,84,74,56,73,73,64,54,53,63,68,54,61,63,72,51,51,61,67,63,64,64,55,54,60,60,72,79,80,90,115,68,77,93,79,66,93,134,95,85,74,72,64,68,65,64,78,77,67,65,74,67,66,62,56,56,55,48,48,55,64,62,67,83,69,68,70,75,65,63,93,61,63,68,57,63,79,122,114,142,157,176,150,133,161,171,155,160,145,173,198,189,162,128,146,146,108,130,141,145
87,127,136,104,63,155,93,99,100,157,174,180,169,110,156,169,150,117,136,125,113,98,70,80,92,58,85,69,61,65,63,69,64,61,67,51,63,66,57,49,53,60,55,50,55,57,64,55,58,56,50,59,68,55,78,75,66,65,98,75,71,77,75,67,65,69,70,61,71,83,62,46,50,53,59,64,72,68,53,76,84,91,101,134,131,113,106,87,65,58,50,42,82,68,79,75,61,73,62,68,69,71,75,73,80,97,84,117,123,140,121,126,120,149,167,173,164,164,188,178,148,140,120,164,157,138,127,95
68,86,97,109,88,127,158,142,167,155,159,158,145,137,96,163,166,137,154,131,139,117,64,94,101,56,83,90,58,65,56,57,68,68,73,68,52,59,47,49,57,42,42,43,46,34,35,37,38,50,41,47,67,58,51,59,55,55,49,60,71,91,112,85,90,100,76,79,75,64,50,48,73,96,133,143,102,48,78,113,123,126,134,121,121,139,127,126,115,139,42,41,76,91,76,67,76,81,69,72,79,87,78,76,103,141,152,157,167,156,115,137,146,174,171,138,136,168,185,170,172,173,141,104,110,162,139,96
84,126,115,113,105,131,156,157,124,168,123,105,123,156,142,173,158,172,146,113,111,124,98,98,89,61,59,58,70,61,67,66,80,59,56,45,58,30,65,95,108,102,108,107,93,93,92,85,86,78,61,116,74,46,44,49,56,51,50,65,77,71,107,106,103,95,90,91,67,54,72,101,113,112,130,114,62,45,126,128,140,137,108,91,67,105,149,136,117,173,48,55,106,126,128,88,79,89,83,89,100,109,93,134,116,113,109,151,173,146,123,166,170,124,128,165,185,165,127,145,163,163,141,117,149,157,134,117
146,90,146,139,132,154,173,133,144,169,187,160,131,165,180,179,171,146,129,134,130,91,63,65,54,74,96,62,86,58,66,83,73,87,91,66,40,26,117,103,118,115,99,37,85,68,97,92,106,130,43,80,127,105,73,40,40,43,49,58,63,76,75,77,65,80,82,69,58,74,94,108,116,135,126,67,51,44,138,138,140,144,115,71,54,101,134,127,125,170,56,79,125,132,151,131,107,97,96,109,102,103,118,135,122,114,150,150,115,140,150,155,167,161,161,166,178,111,125,161,167,167,148,130,100,107,121,156
120,127,148,158,103,127,94,133,162,154,160,173,170,192,172,175,174,155,162,164,147,117,120,88,81,105,80,73,44,61,72,87,94,91,82,79,115,34,131,107,111,119,103,53,67,50,95,95,115,152,32,41,104,123,125,71,42,32,52,59,71,61,72,57,65,76,75,64,61,91,93,97,142,117,74,43,33,34,93,117,130,135,147,128,124,132,128,107,119,160,36,63,125,159,163,140,122,97,93,110,113,101,132,124,132,119,135,153,176,168,168,162,160,135,135,125,140,135,137,152,154,174,155,141,144,134,87,94
91,105,139,158,134,111,159,91,106,127,162,167,167,175,163,139,156,169,160,147,144,102,129,120,118,95,130,80,92,78,94,113,112,136,130,91,77,43,100,105,117,111,128,112,93,106,106,98,107,108,23,23,41,109,134,106,62,55,41,48,58,73,81,96,82,77,79,59,60,84,83,107,144,94,46,40,35,30,45,125,132,137,144,141,145,122,128,112,136,73,35,104,126,151,170,153,133,115,120,121,109,110,130,143,128,119,161,163,146,123,112,116,150,149,176,171,151,179,133,147,184,163,118,142,128,131,104,136
134,114,108,113,103,130,117,138,155,106,125,139,156,179,162,163,184,167,167,149,154,158,137,124,131,134,112,102,120,99,107,128,153,137,147,121,49,43,45,122,96,125,127,118,123,125,109,120,126,39,27,29,83,71,128,98,71,45,36,43,48,65,76,77,72,70,65,67,63,76,100,136,108,72,89,83,75,47,45,63,109,123,137,148,150,133,116,125,92,43,76,95,150,176,166,141,127,107,108,113,128,124,140,120,109,128,154,148,124,148,157,155,148,172,182,159,149,165,155,162,134,101,84,140,145,136,134,108
135,127,97,93,136,103,131,171,132,111,104,153,168,159,142,160,168,161,141,142,148,141,137,139,143,120,130,135,95,112,122,124,144,150,150,113,59,40,37,53,96,95,120,127,143,133,117,95,59,39,38,46,64,89,87,107,80,41,33,40,48,58,81,98,85,59,77,72,62,115,154,130,85,85,142,86,79,48,54,48,43,56,79,84,96,93,98,54,53,122,84,148,161,170,141,119,111,91,112,120,114,149,135,137,170,131,164,168,156,171,174,167,148,146,184,168,173,172,168,174,145,113,159,143,141,170,135,133
141,112,130,119,128,124,103,157,151,158,139,151,168,167,165,150,127,159,165,163,138,141,134,134,147,149,130,125,146,121,100,130,133,161,142,120,90,73,51,32,38,62,58,69,76,76,51,34,24,35,34,59,91,99,72,123,124,74,38,50,67,46,72,87,76,61,111,99,70,102,132,117,107,58,140,84,63,47,45,49,40,34,21,21,36,61,35,94,145,106,142,137,155,157,121,103,97,101,81,141,122,117,122,141,171,143,148,159,160,173,165,158,155,168,161,176,188,192,157,137,147,177,117,106,120,130,92,102
136,96,124,134,118,138,127,131,162,144,153,179,174,184,164,133,133,154,121,126,148,168,118,150,132,114,148,134,121,104,138,117,144,143,145,135,124,98,123,79,38,34,37,31,30,27,27,23,19,20,106,100,102,78,78,141,138,93,48,64,59,60,60,55,60,85,96,123,79,112,102,72,56,106,135,146,115,114,101,92,62,60,57,84,116,117,97,89,115,157,142,161,159,132,108,95,84,81,125,120,122,100,136,122,113,159,162,151,156,179,198,173,185,187,165,182,177,170,173,160,157,128,128,170,156,142,110,130
137,81,68,135,139,112,137,102,141,166,145,125,151,183,182,166,165,153,156,187,183,164,155,131,143,146,148,134,104,125,122,125,115,127,142,152,117,130,113,88,101,84,60,57,54,48,73,67,82,96,119,153,185,179,169,118,58,76,44,82,87,51,70,111,72,84,84,92,119,89,79,70,89,109,140,133,126,137,104,124,123,137,115,96,78,67,113,174,151,136,152,160,111,79,76,113,97,126,128,105,105,120,146,112,122,170,183,176,162,134,156,175,173,163,162,143,150,182,176,161,160,137,163,127,129,152,134,135
58,66,119,147,150,159,157,126,132,167,166,151,158,178,161,168,116,150,152,174,184,165,107,138,145,125,135,135,142,112,114,132,108,107,115,130,134,105,119,145,109,83,90,103,128,131,120,113,117,115,143,153,132,115,77,72,58,38,45,90,72,51,90,100,85,84,99,107,130,102,102,135,72,86,126,146,151,133,127,126,105,108,112,115,119,163,162,150,152,150,135,82,101,118,108,107,111,137,104,103,126,128,98,121,172,156,158,158,145,167,195,179,163,158,170,180,170,166,152,149,145,157,154,159,147,148,158,112
106,124,129,103,146,155,149,131,98,145,166,169,129,150,163,167,147,143,160,180,176,154,141,134,142,145,103,162,128,131,134,131,130,120,135,126,116,126,123,77,108,117,144,121,132,138,140,131,120,115,134,118,125,120,88,76,76,53,67,108,81,53,61,118,89,89,93,94,120,154,112,104,109,73,101,99,100,125,129,142,156,155,125,145,178,150,165,171,135,103,82,99,117,117,100,104,113,134,105,120,115,127,139,152,121,143,141,160,159,162,151,148,174,184,189,187,155,165,196,193,189,156,159,158,111,155,143,121
74,126,112,85,137,148,142,118,146,183,180,174,178,158,146,168,167,158,144,126,137,171,156,108,131,131,148,131,138,137,119,107,121,131,119,114,93,88,84,123,141,137,149,118,115,132,135,141,127,137,130,109,95,112,103,126,81,50,75,108,92,71,75,124,102,98,104,96,76,155,125,121,110,127,97,94,95,120,115,116,100,103,117,123,108,107,89,71,69,85,98,128,115,119,133,102,127,142,99,147,155,159,104,108,129,166,174,156,153,154,140,177,169,176,186,159,145,158,164,146,190,151,137,129,138,153,148,139
58,62,97,123,140,125,108,128,125,138,151,151,132,147,134,159,173,155,101,127,146,151,160,159,147,141,146,144,107,102,140,97,137,137,137,131,111,79,58,81,106,114,129,108,123,123,112,102,103,87,88,107,97,108,121,88,54,72,127,109,81,74,78,138,96,89,89,109,84,133,150,135,92,60,59,103,136,142,161,165,168,152,148,116,97,81,51,54,80,96,114,121,109,117,128,115,128,89,99,137,103,100,151,150,145,160,159,151,139,128,151,158,187,180,164,184,154,145,187,193,184,152,155,163,162,160,145,103
92,74,121,139,155,97,138,138,167,164,158,132,153,144,174,178,163,140,178,152,145,133,151,160,171,135,142,156,139,110,122,136,113,104,103,123,123,95,90,67,72,53,75,60,78,77,68,73,75,93,93,66,55,47,59,76,79,113,133,98,81,54,66,141,107,95,108,128,105,97,148,94,48,79,154,184,189,191,192,190,194,195,193,191,186,173,136,83,82,92,109,90,113,128,120,102,146,112,104,146,124,132,127,146,155,163,150,166,184,176,146,164,188,162,153,168,186,168,179,186,165,148,114,125,160,150,136,116
93,95,60,169,165,149,133,141,138,144,112,126,163,172,131,115,127,159,191,160,157,178,175,175,140,129,125,91,118,115,125,118,111,109,103,103,121,92,83,70,59,52,60,75,91,95,94,111,116,152,183,177,167,91,35,69,86,133,130,120,62,39,102,146,116,105,112,118,114,70,98,60,38,92,183,189,193,198,197,197,199,195,190,187,170,165,148,140,132,107,75,105,138,120,107,103,94,116,102,139,125,117,143,140,150,174,171,156,179,190,181,169,171,177,191,182,180,189,180,173,170,175,170,153,131,153,142,112
83,122,107,96,137,128,127,136,167,181,141,107,139,174,182,127,131,148,178,181,156,112,148,176,143,157,126,113,97,123,111,129,123,115,75,81,70,69,58,59,72,116,132,160,181,179,183,182,179,180,175,174,191,185,80,56,113,139,118,114,51,37,64,152,106,96,97,109,135,85,76,56,46,91,186,199,202,209,205,198,194,174,157,148,128,121,113,87,70,62,79,89,106,93,114,105,120,121,94,92,118,159,139,149,157,148,165,177,162,174,183,178,182,165,161,180,188,191,165,158,188,135,142,93,113,152,139,114
99,119,152,133,119,110,106,146,178,152,163,162,132,130,159,120,163,178,171,129,131,146,148,155,136,162,146,133,98,105,116,95,120,92,108,102,107,71,59,63,57,80,142,180,188,189,192,189,188,189,194,187,181,174,98,51,103,128,131,96,53,50,53,154,79,96,90,98,131,121,63,58,76,128,195,206,211,201,194,185,176,175,183,181,182,184,171,158,130,102,98,97,91,119,98,86,138,90,111,130,140,127,158,127,133,156,154,141,125,150,175,160,186,187,164,175,171,161,164,149,167,165,131,164,170,136,131,124
102,140,127,128,114,95,145,137,147,143,140,121,158,166,168,164,164,143,147,190,181,137,116,107,108,143,170,124,126,111,96,111,111,89,95,114,86,75,58,86,103,116,104,132,169,186,194,193,191,193,193,196,195,172,107,50,85,118,142,89,58,64,61,148,94,92,94,97,116,131,76,86,98,159,202,209,201,186,183,188,191,194,194,191,189,187,184,183,153,119,107,107,97,95,121,113,100,106,110,143,114,113,139,127,139,136,162,153,156,167,178,166,150,128,156,154,152,165,163,141,142,137,152,162,144,105,131,130
89,93,89,129,110,120,113,115,116,138,123,116,158,127,121,119,138,110,128,173,172,147,129,76,157,151,145,128,144,130,74,88,73,83,121,110,85,89,102,141,169,173,164,129,114,162,191,193,194,193,196,196,194,166,91,55,79,113,132,96,60,67,74,136,90,86,84,85,106,125,125,88,83,180,205,204,182,186,195,197,198,197,197,194,193,184,175,143,124,126,95,88,70,80,89,110,115,91,150,97,117,133,121,119,144,132,171,163,135,140,157,179,177,175,178,184,196,193,175,164,148,162,163,156,165,121,110,149
88,105,142,116,114,140,131,145,135,133,166,153,163,151,160,167,130,108,170,161,159,144,131,159,139,144,115,104,145,101,64,87,95,83,76,72,56,65,95,165,176,187,184,178,155,127,175,191,198,198,196,199,197,162,91,60,70,127,115,95,70,75,78,128,93,85,81,85,103,109,114,89,108,195,202,192,189,193,196,201,199,200,198,196,187,152,156,140,143,145,148,136,111,99,115,111,117,88,126,100,75,139,137,148,139,165,159,138,134,159,181,172,179,175,172,159,185,171,178,155,171,172,174,179,147,122,145,156
115,103,100,73,112,116,115,125,155,136,132,148,144,150,132,136,166,164,133,150,149,119,143,128,142,129,102,118,126,110,86,81,87,95,99,82,83,107,99,147,187,190,188,189,186,174,159,187,197,202,198,197,193,135,96,73,84,135,118,88,72,78,81,118,93,82,85,82,96,114,109,93,117,194,196,196,196,199,201,200,199,201,195,179,147,158,167,175,184,187,185,169,136,111,106,119,123,111,109,96,104,95,140,118,123,137,143,177,166,171,179,174,166,171,165,175,174,179,189,174,146,116,160,134,136,138,154,157
83,75,100,81,135,137,124,121,125,135,149,137,147,176,127,86,100,132,136,130,116,100,135,139,147,128,84,65,96,76,98,88,88,103,98,87,147,165,152,119,174,190,189,194,193,187,178,180,194,201,199,200,195,166,86,76,89,123,107,76,76,77,88,120,96,89,86,92,105,125,115,80,116,192,191,202,199,201,201,201,199,198,182,160,166,180,183,191,192,187,185,166,121,114,117,143,130,98,110,114,151,125,109,145,175,159,136,145,156,155,165,159,169,142,153,154,150,165,180,192,155,141,136,183,165,133,96,104
100,110,108,105,83,94,130,121,127,146,148,112,143,147,131,124,160,164,165,149,130,111,164,144,142,104,98,83,73,115,130,120,119,112,85,117,172,183,183,167,145,190,192,192,194,192,191,180,191,199,202,203,200,166,76,74,115,124,87,79,70,79,91,113,105,90,85,96,93,111,103,88,116,190,197,199,200,201,201,206,201,180,169,183,186,182,192,192,193,187,164,120,113,97,112,127,140,142,136,129,135,131,110,116,138,148,173,164,160,162,140,150,162,163,187,189,176,162,173,177,173,145,139,125,175,161,122,92
118,130,133,116,131,85,83,121,143,132,118,138,160,134,151,130,139,166,161,131,129,155,112,117,97,111,131,109,121,141,127,107,114,86,55,146,185,189,184,180,146,177,188,191,192,193,192,189,187,196,206,201,200,156,83,76,106,118,83,69,67,72,82,116,96,86,76,86,91,97,100,101,119,191,197,199,202,197,202,203,186,178,187,189,192,191,195,193,179,147,151,152,152,105,124,138,140,122,142,158,138,132,133,148,148,134,165,185,174,165,161,159,169,190,184,169,153,155,175,168,153,139,138,163,181,142,120,125
111,118,100,93,109,126,123,127,95,102,127,125,110,99,125,139,147,160,172,142,127,115,109,131,120,111,143,153,130,140,124,91,76,78,73,137,185,192,188,186,180,158,187,192,191,194,194,191,190,190,203,206,201,161,79,70,133,99,77,74,71,76,83,100,93,80,73,78,85,99,111,110,122,188,196,199,197,200,204,194,179,186,192,192,194,192,192,181,137,141,173,176,171,123,113,122,117,139,147,122,137,158,175,174,137,142,157,156,169,166,168,177,165,186,184,185,182,171,171,177,172,133,141,145,159,148,140,119
101,93,120,95,100,94,108,141,130,101,129,142,151,122,106,139,140,130,153,164,153,155,162,151,159,157,145,116,140,130,129,116,113,69,76,127,185,187,191,192,184,157,181,191,193,193,195,193,191,189,197,206,200,158,78,90,121,98,83,79,82,78,87,101,90,95,87,81,92,99,116,114,98,190,198,196,201,206,202,186,187,192,196,196,193,196,191,158,147,171,186,195,182,143,130,116,130,131,152,134,126,149,151,155,143,158,179,155,152,166,166,162,170,184,179,167,149,152,187,171,115,106,150,147,157,162,119,97
111,118,101,116,90,129,136,124,124,140,126,136,172,150,128,137,143,158,158,127,119,121,128,105,153,168,140,133,122,130,144,124,121,109,84,116,178,190,191,191,191,184,165,191,194,194,194,195,195,189,195,203,201,136,79,84,115,87,88,102,79,81,104,102,96,101,88,78,84,94,104,113,111,188,194,196,203,204,198,191,194,195,197,196,192,193,182,158,170,186,191,190,184,170,133,128,141,147,131,137,151,144,160,139,135,167,180,165,170,144,167,184,170,170,162,167,166,157,149,145,180,153,129,149,148,128,130,130
129,71,74,124,130,114,98,96,132,143,134,124,131,155,124,100,130,130,153,147,110,146,123,125,163,157,113,126,133,116,127,141,106,107,120,113,175,183,189,192,195,189,169,183,192,191,192,193,195,192,192,203,202,135,78,96,107,86,91,91,86,93,106,109,97,94,93,86,82,106,112,114,122,190,195,199,199,203,196,192,197,199,197,194,197,190,175,177,184,193,194,194,185,167,129,128,144,147,152,163,171,176,164,162,147,148,155,160,171,165,168,158,147,153,166,149,158,151,151,160,167,150,121,143,118,112,154,145
96,82,103,69,102,102,86,98,129,150,88,110,103,141,147,117,107,123,118,145,169,142,129,142,133,146,174,128,134,157,110,90,110,108,148,143,175,185,188,192,196,193,180,171,193,195,191,192,192,193,190,201,202,138,76,100,107,85,83,69,80,91,99,97,84,81,83,82,80,108,112,106,135,189,199,204,206,203,190,196,201,200,196,195,196,180,180,186,193,194,195,192,188,154,124,141,160,151,120,132,162,168,147,149,175,175,172,156,142,161,167,168,163,142,144,158,166,156,134,151,146,143,132,144,166,139,134,111
88,96,117,89,103,107,139,91,72,124,111,127,86,79,116,141,127,138,116,127,163,151,137,116,133,146,138,126,112,139,116,80,82,124,165,163,164,188,187,190,193,195,185,170,187,195,196,193,192,192,189,196,199,134,76,105,106,91,83,81,86,86,91,96,85,84,82,76,78,100,108,117,136,190,201,208,208,199,194,200,199,195,193,196,189,176,187,195,198,187,191,191,184,137,135,130,132,139,153,163,171,170,155,152,164,161,165,168,155,171,157,169,167,161,180,178,159,169,164,167,153,145,152,139,137,122,103,128
87,106,111,97,87,111,112,127,121,91,111,123,131,130,97,93,118,147,129,135,170,146,131,144,155,133,104,122,129,93,70,77,61,139,179,168,144,187,192,191,193,196,193,175,183,193,198,192,189,192,191,189,197,121,83,97,105,92,77,75,78,89,97,99,90,79,83,84,80,95,107,100,136,193,202,211,206,190,197,197,195,194,197,194,179,181,194,198,195,196,194,189,177,164,162,126,125,128,135,114,146,153,179,170,173,167,176,178,174,171,161,165,162,159,153,154,136,157,182,178,165,163,166,133,116,143,123,122
101,102,111,108,93,126,116,102,116,120,148,154,159,138,134,148,162,126,145,166,158,146,152,138,123,138,127,133,119,92,64,86,103,119,180,185,144,185,189,194,191,196,196,186,180,193,195,192,191,194,193,191,201,118,82,90,101,83,72,69,76,94,113,104,97,82,78,78,80,88,97,87,125,196,202,210,196,194,200,196,194,197,197,188,183,187,195,196,193,195,192,188,168,180,174,145,118,116,134,162,138,140,166,181,166,165,176,172,174,162,140,154,167,164,153,154,149,178,143,134,125,133,135,110,98,125,138,118
98,96,93,88,122,106,108,106,96,148,145,141,135,117,107,116,121,131,162,148,126,145,163,141,152,144,110,76,79,111,98,90,86,134,190,193,153,176,188,192,192,191,196,186,180,190,195,193,191,193,194,190,198,126,92,93,104,89,71,68,71,95,99,113,99,89,80,76,77,80,100,87,135,198,205,204,190,197,197,193,197,198,194,182,187,195,196,195,194,196,191,181,181,186,186,154,127,123,129,135,133,119,133,164,156,150,155,185,176,177,168,149,165,172,144,127,135,132,146,144,140,167,149,140,122,94,137,106
102,110,112,128,103,77,72,101,115,144,129,103,100,130,141,139,151,143,148,134,148,154,160,131,93,113,87,122,119,117,108,65,88,151,191,196,178,168,192,189,194,191,194,188,182,188,196,197,195,192,194,192,194,119,86,90,85,78,70,68,76,84,90,98,93,88,78,76,78,78,90,92,137,201,206,195,193,198,194,196,201,200,189,182,190,195,196,194,196,195,190,172,182,192,190,147,111,111,134,165,160,142,145,161,160,142,165,186,191,168,157,161,168,156,144,160,162,130,150,123,109,146,142,135,116,122,90,128
111,83,103,113,92,80,67,85,137,114,126,100,130,95,126,141,145,165,126,126,126,119,125,120,144,94,122,141,127,135,99,48,95,152,193,196,188,155,191,191,191,193,194,195,186,194,194,200,196,193,194,194,195,119,84,89,84,74,75,67,79,92,96,103,102,84,80,81,81,82,91,89,144,202,205,189,198,200,194,200,200,194,189,184,193,198,195,194,197,192,191,170,185,193,191,159,135,135,137,136,155,152,153,126,161,131,155,166,177,182,165,160,177,170,164,163,153,168,149,145,147,137,132,150,134,109,91,83
93,89,102,66,87,88,110,99,103,104,125,143,128,96,110,119,157,160,159,152,141,131,132,122,93,133,153,150,111,85,65,71,123,164,194,196,191,158,186,192,189,191,194,198,190,192,191,193,194,192,194,193,190,117,96,95,85,70,71,71,79,87,117,110,115,116,89,81,85,83,96,97,149,201,201,187,199,197,197,199,199,191,188,189,194,195,196,195,197,195,177,177,182,189,190,169,140,138,154,144,136,164,153,127,134,143,155,172,161,157,158,158,176,168,146,146,150,170,136,111,137,160,124,138,135,134,129,108
112,105,107,109,125,128,96,72,94,102,113,130,112,135,113,129,117,140,130,146,161,169,146,137,158,102,140,131,110,70,55,63,131,169,192,196,194,153,174,190,191,192,191,194,193,187,194,202,199,196,193,196,187,112,103,97,90,72,71,77,83,95,113,111,111,89,86,81,78,80,101,94,160,201,189,194,198,197,198,200,195,189,182,195,197,198,198,196,196,194,153,180,193,194,188,160,98,82,88,115,171,153,162,147,150,157,157,156,158,167,135,134,171,174,161,164,155,151,158,161,131,126,131,135,118,118,133,114
114,96,119,107,123,138,96,98,98,75,95,113,106,97,117,159,105,84,133,145,168,156,144,133,158,155,147,154,120,85,57,61,140,174,191,189,195,171,155,188,190,191,193,198,196,190,197,201,202,196,195,194,187,105,106,92,78,73,69,74,81,98,143,134,126,101,90,82,87,79,89,88,165,201,184,194,193,193,199,203,193,189,187,195,199,196,200,197,196,189,166,183,192,194,184,161,120,107,95,115,137,128,129,147,147,181,169,166,162,170,166,170,170,136,110,132,141,172,144,117,133,154,136,147,139,112,124,125
95,92,65,65,97,115,102,51,53,87,112,108,113,120,140,144,115,118,162,171,164,123,121,133,144,119,126,104,59,63,71,98,158,168,190,193,193,183,154,183,190,193,193,196,201,191,194,198,204,197,195,195,181,100,100,87,85,73,70,73,87,103,141,127,121,111,96,90,87,91,93,87,167,197,189,194,193,192,203,197,194,184,192,196,200,196,197,197,195,177,186,188,190,196,190,154,118,111,137,122,132,152,141,162,160,158,153,142,159,148,160,134,133,147,141,140,132,158,132,113,109,124,123,112,119,139,138,120
87,93,72,74,72,88,93,113,110,100,112,109,129,125,116,128,138,103,109,94,147,135,136,125,121,147,102,122,84,57,58,118,180,157,188,191,199,192,161,173,188,195,197,196,199,193,189,203,203,199,192,190,174,98,90,91,80,72,69,69,77,97,110,112,125,118,96,95,98,98,98,91,168,189,187,194,194,198,204,194,190,186,195,198,194,196,194,194,187,169,187,198,193,191,192,144,112,100,111,116,93,101,141,159,137,129,112,138,153,141,153,153,153,143,138,118,110,126,153,111,111,111,140,134,142,133,134,116
131,100,115,116,120,115,107,94,96,141,119,97,84,112,116,138,122,125,116,130,160,153,166,131,121,132,53,90,77,90,67,143,185,149,183,194,198,196,170,148,188,192,195,196,197,194,189,200,207,197,194,190,173,102,92,89,80,73,68,68,81,106,121,134,108,97,95,88,88,81,84,89,172,184,189,194,193,203,202,195,188,192,196,195,194,194,193,194,163,163,188,198,197,188,193,132,92,96,105,90,106,101,147,172,167,156,161,184,161,170,173,152,156,142,147,165,163,149,118,121,113,126,114,97,109,145,141,102
117,118,126,134,132,96,85,73,68,76,87,138,95,68,79,84,120,166,130,112,107,117,123,145,122,75,81,108,101,108,58,130,182,150,176,186,198,198,175,138,181,191,197,197,198,199,190,198,206,201,192,190,169,112,95,92,78,69,68,69,82,116,156,151,98,97,84,78,81,75,82,86,169,185,188,190,194,201,199,192,187,197,196,195,194,192,192,189,159,174,192,197,193,186,188,137,78,122,127,99,85,129,161,176,156,156,141,133,160,169,151,141,135,126,151,157,145,122,122,141,146,138,111,113,122,136,120,141
131,132,118,118,118,91,123,103,91,64,59,108,80,103,92,94,133,136,127,113,84,96,120,150,124,69,70,90,103,78,67,132,184,145,165,187,192,197,182,150,162,192,198,202,201,200,192,193,205,203,192,188,167,128,103,95,78,68,67,69,79,114,148,164,114,101,81,76,83,79,78,72,172,178,188,190,195,206,194,191,191,195,199,195,195,192,193,166,161,186,195,194,196,185,178,114,105,100,100,141,113,142,147,122,145,146,155,171,147,141,160,155,139,144,145,147,127,118,144,135,116,116,121,127,118,107,103,119
134,115,124,123,128,117,95,68,67,105,62,47,59,116,127,94,66,67,102,65,95,105,80,101,128,95,93,90,68,86,50,113,182,161,143,181,193,196,192,167,158,188,196,200,203,200,194,188,204,206,197,189,174,116,102,95,79,68,68,75,82,101,151,165,133,105,93,80,80,73,77,77,177,180,190,191,196,204,188,186,194,196,199,197,193,193,186,163,179,194,196,194,189,190,159,108,73,90,91,115,149,125,100,117,136,160,163,140,158,157,158,125,136,142,142,138,146,109,95,93,122,111,119,123,120,114,118,120
76,91,84,102,137,124,65,58,102,96,60,63,47,95,121,100,80,73,100,114,124,85,76,95,79,90,85,89,76,54,40,104,179,173,120,177,187,195,195,171,160,165,192,200,201,200,194,184,199,204,202,189,169,85,119,88,74,67,71,70,81,121,129,150,113,96,91,82,85,81,79,83,176,180,192,191,200,201,188,189,196,197,203,198,196,196,169,168,183,200,196,194,187,190,141,97,92,87,103,128,132,138,163,140,133,127,138,130,145,140,121,111,120,125,130,129,111,109,121,135,113,137,131,124,135,136,121,121
110,101,105,102,101,85,102,138,102,106,81,92,67,105,106,111,100,101,98,140,133,90,102,59,50,74,56,83,97,60,46,94,182,188,141,162,187,195,197,187,172,166,190,200,201,199,196,185,197,203,203,190,163,75,87,81,69,69,75,67,82,103,124,151,136,97,86,83,80,75,74,88,179,181,192,193,204,198,187,193,197,204,202,196,201,189,156,171,192,200,198,195,194,186,127,88,90,88,98,108,101,136,131,148,133,124,135,147,156,159,156,136,113,141,132,123,106,109,116,132,96,106,124,112,117,142,147,132
126,116,108,126,116,89,107,54,56,76,93,93,63,80,89,117,125,79,72,85,98,110,123,89,72,84,53,78,63,44,44,67,172,189,151,143,182,190,192,196,176,173,180,199,201,197,193,185,190,202,197,190,153,79,90,75,67,67,72,74,84,118,123,152,111,100,84,78,81,72,74,80,184,178,191,197,206,192,186,197,199,204,205,201,197,173,163,176,196,198,196,194,195,177,121,82,87,110,87,98,105,124,133,147,142,126,135,124,147,141,136,124,133,115,118,99,104,147,118,98,99,97,116,131,130,119,118,116
118,110,102,110,96,108,75,69,73,73,83,87,76,91,99,85,83,71,61,93,76,69,76,61,77,64,67,111,72,39,25,54,173,187,170,125,172,184,193,197,186,181,169,191,202,200,195,190,185,204,199,190,159,76,80,71,71,75,68,69,79,113,147,157,121,95,82,77,88,74,74,78,187,185,189,199,202,179,186,195,201,202,198,197,189,161,167,191,195,191,195,199,196,153,112,86,86,109,116,130,119,87,100,130,130,122,135,146,131,142,124,125,151,135,117,88,93,90,105,100,103,103,118,99,105,90,91,94
104,120,136,143,137,125,133,110,84,100,99,116,100,78,91,93,98,77,66,68,80,88,93,80,65,76,53,61,51,39,24,34,171,192,187,132,163,183,189,195,193,180,179,186,194,202,197,191,180,196,199,192,159,71,78,69,73,72,69,72,84,137,141,155,131,89,80,76,79,74,74,81,186,185,190,200,195,171,190,197,203,197,196,196,165,164,173,193,200,195,189,195,185,159,123,94,88,111,119,119,142,122,116,137,147,129,135,147,140,109,145,157,121,121,113,111,104,120,132,110,107,104,120,103,91,103,94,84
96,107,115,134,150,135,104,107,117,97,99,88,101,73,77,86,58,75,79,54,64,97,100,67,65,79,49,67,64,41,26,27,156,188,184,168,147,185,186,192,192,180,179,181,193,194,201,189,178,196,201,191,163,75,71,68,69,70,66,79,90,128,158,139,105,93,78,75,77,73,73,85,187,185,195,197,193,184,194,201,200,197,201,188,162,172,184,196,194,192,190,195,174,158,119,96,102,121,117,106,121,112,115,130,130,137,113,135,132,135,130,115,110,102,114,114,123,141,109,102,93,108,129,103,107,111,107,84
160,136,133,148,147,142,131,130,134,135,132,91,96,86,94,69,89,74,69,74,90,100,58,52,81,66,54,84,59,55,22,8,112,182,187,181,139,179,186,191,196,195,174,173,195,193,192,195,179,191,201,195,174,72,68,68,64,66,65,65,80,125,160,148,158,115,82,73,79,73,72,99,187,188,195,201,182,187,194,197,192,203,199,167,172,170,193,198,195,192,193,191,156,167,105,91,83,118,106,98,113,125,124,127,127,117,124,121,102,93,105,110,97,99,115,131,107,126,105,96,94,116,104,92,102,106,106,109
153,138,141,132,127,148,163,138,123,141,109,128,132,125,129,110,113,108,57,105,95,78,34,56,69,97,78,50,61,65,36,25,73,174,189,188,136,162,187,192,196,195,175,171,190,193,187,190,184,184,197,199,181,87,65,67,66,66,65,71,86,117,148,172,178,149,92,76,74,74,68,114,184,186,190,201,177,190,195,197,196,205,190,160,177,186,200,197,194,192,196,181,164,168,108,94,83,78,115,103,125,115,114,91,95,134,112,92,98,114,121,101,106,102,119,103,101,132,122,112,91,110,113,111,96,109,102,102
157,156,151,138,154,160,154,151,127,155,155,124,123,82,107,104,93,66,94,82,64,84,84,53,60,100,82,80,74,52,31,22,58,155,187,195,157,138,184,187,197,192,178,176,182,192,189,191,184,171,197,196,187,99,71,67,71,69,66,75,84,106,139,184,182,148,92,78,76,74,70,140,184,187,193,201,182,189,197,194,198,204,172,161,180,197,197,198,187,190,193,158,183,143,92,95,82,86,125,141,122,126,119,124,114,103,123,108,113,81,98,126,115,125,106,110,119,123,115,112,99,102,89,104,91,93,90,84
162,177,162,159,153,157,141,135,113,127,146,127,126,121,118,118,116,96,76,67,58,36,44,51,69,64,56,89,88,63,33,14,39,128,185,190,174,137,182,184,194,193,184,178,178,192,196,191,187,166,188,199,190,117,72,68,73,71,74,75,96,126,168,155,150,148,92,85,70,71,66,163,180,189,196,197,181,189,200,196,203,195,158,171,194,201,199,192,190,194,185,164,181,115,70,74,107,105,88,111,146,121,133,146,145,119,128,111,116,83,106,137,98,116,116,109,136,124,107,92,108,109,102,95,108,100,85,88
147,162,178,165,162,140,151,144,151,156,142,147,138,140,142,145,104,97,53,40,55,51,73,71,91,48,50,54,61,44,43,40,67,103,172,182,193,136,167,182,191,200,188,173,176,195,195,193,189,180,182,199,193,136,73,66,67,74,67,69,83,121,151,134,124,122,106,94,73,74,79,186,183,195,204,185,184,195,194,196,205,176,165,181,196,206,199,191,192,194,176,167,170,75,75,77,85,85,65,106,126,117,124,102,121,132,113,113,97,116,122,112,96,92,105,125,128,109,122,106,122,103,88,94,91,89,83,86
145,157,146,155,168,146,146,162,154,158,156,163,158,155,157,148,123,58,53,69,81,61,66,64,53,65,83,58,68,50,40,19,42,102,163,180,194,154,153,185,194,195,197,177,162,196,196,191,195,182,170,199,197,164,79,66,75,75,62,69,90,101,132,122,127,103,87,72,77,78,95,193,183,194,205,173,187,199,189,200,199,156,172,192,205,205,192,192,192,194,154,177,145,87,78,78,81,99,93,89,98,104,110,104,105,102,105,108,117,126,133,131,106,91,125,118,118,112,102,110,124,95,89,98,99,80,86,88
134,154,146,158,159,162,163,177,168,176,170,158,163,160,129,91,64,44,43,55,56,50,65,67,51,35,55,68,56,50,41,44,26,110,129,176,185,181,129,186,190,199,191,185,164,187,202,193,196,188,170,198,195,176,114,74,78,67,61,71,81,110,109,129,109,102,85,71,71,68,136,196,186,193,200,164,190,200,194,200,187,162,184,200,208,201,191,192,197,178,161,179,101,87,80,80,84,92,121,114,94,95,93,95,115,113,130,101,104,106,114,89,102,109,113,105,96,103,104,115,119,103,96,100,81,88,83,97
131,137,148,173,165,167,162,171,167,150,140,137,133,96,67,71,59,78,56,78,66,50,47,81,56,36,54,71,61,50,36,36,24,112,102,162,180,195,156,178,188,203,201,192,155,178,202,195,195,190,172,191,198,186,116,78,76,70,64,66,75,89,96,121,108,83,75,64,64,67,173,190,190,203,190,167,192,202,197,199,172,177,184,204,203,194,193,196,196,157,177,182,86,76,73,70,53,93,95,94,112,95,129,102,99,98,121,126,122,98,100,103,96,110,106,96,94,92,93,116,108,109,102,109,75,84,98,82
145,149,165,177,180,155,155,164,155,139,125,117,101,92,76,80,90,81,84,44,45,57,59,63,56,54,42,50,66,57,63,38,25,97,100,162,176,186,176,163,187,200,205,190,172,158,191,192,188,193,179,184,200,188,120,76,72,64,63,62,70,89,116,133,106,89,78,64,69,76,191,183,192,202,179,180,194,197,198,194,169,172,188,199,202,190,192,194,178,164,185,157,70,75,75,78,67,118,108,105,114,130,101,123,111,108,74,111,93,114,103,114,103,105,81,93,109,121,90,105,96,106,96,109,95,88,85,86
145,156,168,159,154,154,154,154,153,161,150,113,118,118,109,120,115,96,80,77,36,54,52,70,56,53,39,69,49,80,45,24,41,55,140,134,182,186,185,148,181,188,204,194,171,160,172,176,186,194,178,175,196,188,138,86,70,64,63,59,68,93,120,119,91,80,70,64,60,85,190,182,186,195,171,186,194,195,194,193,159,166,186,205,195,191,195,188,146,187,189,129,80,64,54,74,82,89,94,86,92,106,100,113,113,128,105,90,114,114,141,122,91,113,109,101,111,110,88,102,112,109,113,103,107,89,91,83
162,171,170,173,170,165,167,161,136,121,140,153,139,106,103,112,68,40,49,49,43,52,45,50,31,39,42,49,53,56,38,28,38,54,148,110,170,185,191,141,169,184,198,191,168,163,189,169,172,180,178,160,194,188,160,89,72,63,59,65,75,89,88,88,82,76,68,66,61,100,192,180,185,188,148,185,193,192,198,182,155,169,200,201,186,189,195,168,153,192,184,123,75,61,58,55,81,97,97,100,94,106,142,132,120,105,117,95,114,116,97,106,112,90,96,104,122,122,106,86,92,100,86,91,89,96,101,94
163,164,174,172,170,158,151,155,155,146,141,144,153,129,120,82,45,50,53,64,74,47,33,40,29,58,59,54,55,57,32,18,27,42,93,124,142,186,193,171,147,178,187,188,177,164,179,196,191,179,179,169,181,189,172,81,75,71,67,65,74,96,112,91,73,72,67,63,58,145,180,178,198,170,153,189,186,193,187,153,142,183,201,193,186,186,188,133,185,192,166,72,51,72,91,98,104,88,91,80,94,118,126,120,119,132,93,93,98,78,81,109,111,103,100,98,110,104,103,96,105,107,91,107,107,103,100,90
162,173,163,166,154,156,144,155,159,154,138,135,125,129,141,104,60,85,65,67,58,47,56,32,54,54,65,105,76,75,55,65,69,71,66,118,117,179,186,187,148,178,174,190,180,148,166,194,199,197,179,173,174,184,166,86,73,66,62,63,76,88,129,102,83,87,75,67,59,161,165,192,197,141,166,188,189,198,186,139,154,190,202,189,180,175,157,156,192,185,134,94,85,68,63,62,77,82,91,99,102,117,110,116,99,88,101,105,105,84,84,108,122,104,104,109,95,115,105,117,99,104,98,90,99,101,96,96
158,143,148,155,162,156,157,156,154,139,128,131,121,106,95,103,126,109,73,60,56,50,56,32,74,31,28,43,86,88,85,104,57,34,64,104,131,157,184,193,145,175,179,184,165,144,169,193,197,190,187,180,159,185,145,69,71,59,60,63,73,91,116,114,86,88,80,72,69,159,174,203,189,123,179,188,190,200,178,112,155,198,190,185,180,178,133,187,181,174,117,87,78,105,81,61,77,84,89,97,117,115,110,117,117,96,91,85,79,100,86,120,135,121,94,127,119,103,110,103,93,81,73,92,92,92,95,98
157,160,167,159,161,152,152,154,146,138,143,133,129,119,123,118,105,93,102,100,43,48,30,49,36,36,57,50,41,54,66,88,86,55,46,101,149,117,177,182,164,155,182,187,165,133,149,179,190,185,178,182,155,186,138,70,63,60,64,71,92,96,109,114,86,82,80,81,70,130,181,201,177,128,186,190,196,188,157,104,167,198,189,186,183,158,135,159,184,137,117,103,89,85,87,113,110,80,73,78,87,109,89,102,113,130,109,92,90,87,103,113,95,106,103,111,113,114,134,117,97,96,80,89,85,90,92,97
163,165,150,150,162,170,155,150,143,126,113,126,129,132,121,122,122,99,40,37,84,101,39,63,20,37,107,110,88,59,46,30,81,70,51,97,138,109,165,152,172,129,176,177,172,147,124,159,166,168,170,175,143,173,119,79,62,60,65,71,82,94,108,117,83,83,86,91,66,136,188,198,144,150,187,181,184,184,147,116,183,188,185,185,172,130,161,150,160,144,132,88,90,121,86,64,65,76,69,89,82,94,79,103,99,76,88,128,135,112,93,105,79,91,106,107,104,108,111,115,115,114,85,101,89,85,88,95
171,175,163,164,167,156,141,155,133,102,115,135,132,145,144,128,91,58,37,33,40,38,66,107,104,104,71,84,79,70,82,69,58,68,54,56,106,156,121,165,171,134,126,145,174,171,127,155,177,181,182,174,157,114,110,77,70,63,68,71,91,97,111,108,84,84,85,87,68,121,179,168,120,151,181,182,186,171,116,112,177,178,182,176,128,149,184,148,108,160,124,122,100,81,73,76,90,72,76,96,91,97,91,101,106,109,123,118,127,128,99,111,103,94,97,108,95,96,109,120,95,101,92,92,98,77,90,90
168,170,178,181,152,142,146,145,117,123,137,137,134,136,149,124,79,71,78,72,86,88,72,59,37,59,99,99,88,73,69,70,66,54,61,57,101,140,115,157,188,172,82,135,170,165,117,135,183,192,185,180,171,116,90,75,73,68,69,72,90,112,103,91,86,85,77,72,71,107,178,180,118,160,187,186,185,145,103,124,164,151,171,156,118,181,168,106,127,141,114,125,100,99,97,70,78,80,76,81,71,90,97,101,113,86,96,93,90,97,85,98,110,98,95,119,124,119,117,107,108,116,104,89,99,94,89,89
178,174,169,171,154,150,141,110,133,142,137,128,123,127,123,98,86,57,68,40,45,61,44,42,47,38,47,59,73,65,62,44,65,93,96,59,94,114,140,112,179,168,99,105,140,162,114,116,182,189,175,174,170,105,79,71,71,71,73,74,82,94,112,88,80,85,79,74,86,81,168,186,101,169,193,198,184,123,97,135,134,136,175,144,138,185,130,83,142,115,130,127,128,91,105,99,103,95,71,75,85,119,110,77,81,88,88,105,99,99,91,120,125,113,114,90,105,104,116,101,96,111,102,82,97,102,112,107
166,171,179,158,149,152,125,137,142,142,144,129,153,144,124,67,67,46,80,62,59,60,54,47,50,65,93,99,79,75,70,68,53,68,65,78,102,129,146,108,152,142,144,134,156,176,146,104,151,178,162,176,145,88,75,72,65,70,68,68,83,98,94,83,77,84,80,87,82,81,125,147,102,168,195,189,154,96,140,174,167,174,181,126,169,152,76,148,160,111,130,126,126,104,103,84,119,109,105,122,132,107,86,92,92,91,89,103,97,99,92,83,97,96,110,110,93,99,102,86,86,117,116,97,111,96,96,108
169,169,166,165,173,171,145,168,170,172,159,137,148,163,108,69,56,57,53,63,64,79,77,39,31,46,58,65,111,118,106,103,98,99,76,71,94,122,170,157,103,130,140,118,183,190,149,126,166,172,185,171,98,73,79,72,68,69,67,75,83,94,94,82,87,87,80,87,81,79,115,105,157,184,189,187,140,99,178,166,155,191,155,137,154,101,96,171,120,92,107,123,130,103,100,83,80,115,109,84,81,96,106,107,103,110,99,87,101,81,95,81,81,100,100,106,98,103,107,110,111,102,93,109,111,106,98,96
170,181,182,184,179,153,160,176,169,178,155,143,151,139,105,86,95,68,82,109,110,115,126,99,99,98,117,150,145,134,114,45,27,48,82,99,84,98,133,184,83,96,130,80,114,145,137,97,160,188,178,122,87,73,76,70,73,74,76,82,94,110,92,87,87,81,83,80,81,82,93,169,190,187,175,172,118,132,190,146,157,169,112,174,126,66,160,154,97,118,109,106,126,117,120,100,86,75,87,110,96,92,101,106,92,96,80,88,83,78,99,80,96,124,103,108,102,92,85,89,96,101,102,104,113,101,109,110
186,191,186,182,164,162,172,181,190,172,154,152,156,144,134,122,89,62,53,51,41,70,77,110,106,111,124,99,107,111,106,113,107,119,128,114,88,104,95,141,119,79,131,83,100,142,145,162,180,160,100,79,78,83,76,71,75,72,75,84,92,91,93,89,89,81,87,89,79,76,74,116,179,187,173,169,112,109,153,120,142,105,118,138,93,125,162,112,116,131,111,102,106,89,107,102,92,96,72,78,106,124,106,113,113,121,118,93,109,85,80,90,102,113,85,81,98,110,107,81,98,106,102,105,107,110,99,110
165,183,192,184,182,182,190,181,188,166,166,168,144,114,89,127,134,120,122,123,123,142,121,107,132,155,139,152,158,122,113,80,53,57,55,101,95,121,99,103,139,94,114,118,152,159,155,136,107,71,71,77,75,74,69,71,77,72,79,82,92,99,93,87,83,89,88,82,81,75,85,79,105,149,171,171,139,149,168,153,152,94,139,129,97,143,111,97,147,111,124,140,131,126,102,90,78,89,88,93,88,95,125,122,114,119,108,98,100,86,91,91,87,68,88,96,105,98,105,109,92,107,108,107,107,108,110,110
169,180,180,179,183,191,188,188,187,177,172,158,139,136,128,99,91,68,97,49,79,103,150,172,166,183,170,176,158,134,85,79,114,97,109,115,108,94,102,96,112,92,113,92,85,89,90,85,75,74,80,76,74,75,71,80,80,84,79,86,88,92,86,89,87,88,81,84,74,74,77,76,75,83,100,137,157,173,167,168,155,117,172,132,123,128,83,98,100,113,102,110,101,103,137,136,112,106,87,95,115,124,124,133,144,118,123,124,102,106,87,90,98,93,90,93,100,83,103,96,94,99,116,111,101,115,120,118
178,180,184,189,191,182,185,187,196,192,189,152,129,129,128,113,123,94,83,57,79,123,172,178,175,179,172,165,161,167,136,96,94,75,86,93,83,115,107,122,133,85,76,79,84,93,85,83,77,79,80,70,69,73,71,82,87,82,84,84,88,97,93,83,87,89,76,81,76,77,84,86,81,79,80,78,94,109,151,145,152,107,134,99,141,128,125,110,116,106,111,113,120,127,109,116,139,109,115,142,134,130,117,119,105,100,137,130,116,131,112,95,98,111,110,106,101,86,91,94,88,93,110,119,108,117,117,116
187,184,191,189,182,186,186,199,200,193,182,160,143,136,95,127,112,107,82,89,120,147,169,173,175,181,162,149,151,159,134,100,55,63,89,112,113,97,98,119,85,76,80,90,109,106,97,95,92,85,85,79,72,76,77,87,89,80,78,95,88,92,89,91,83,82,83,79,76,77,83,87,87,90,84,82,84,78,87,108,131,136,143,130,119,124,130,125,130,126,103,94,115,119,108,131,129,131,132,121,116,121,129,141,138,139,148,132,126,106,106,96,104,101,91,77,88,96,81,95,97,97,115,127,110,119,122,108
189,191,189,176,178,179,196,207,195,189,169,160,133,123,102,137,102,89,79,68,125,141,144,173,164,139,159,174,167,156,136,67,46,71,77,107,104,110,108,114,73,75,91,85,83,94,102,109,116,101,100,86,79,88,83,88,86,85,86,95,88,80,90,87,84,81,84,76,79,91,102,102,110,114,114,102,105,92,84,83,98,159,149,140,130,132,132,139,122,116,112,106,126,122,136,110,103,113,107,141,118,126,134,116,111,100,118,122,133,146,140,112,84,99,98,78,88,100,95,89,105,107,109,120,121,110,119,114
175,178,181,167,182,192,197,197,184,177,159,143,142,123,124,128,107,93,92,137,129,141,163,165,175,174,166,168,165,163,156,107,67,86,112,114,131,121,107,83,73,74,77,76,75,79,84,90,98,115,128,135,109,110,98,87,83,79,92,94,97,87,96,87,90,84,77,83,94,132,138,151,135,125,116,115,103,110,100,90,77,105,114,134,121,115,136,132,127,132,111,134,141,126,126,112,104,97,103,117,131,132,125,128,129,122,118,131,120,90,111,159,147,125,90,81,99,91,100,87,111,107,103,117,135,117,113,120
158,173,176,175,186,189,195,191,184,182,155,150,149,117,122,114,92,90,122,125,161,156,160,174,149,158,186,183,178,176,173,142,91,94,83,103,93,101,94,71,78,81,71,69,74,73,66,62,65,85,100,116,142,133,118,119,103,90,95,100,107,90,89,98,110,111,108,131,149,152,138,114,109,102,97,98,91,89,103,100,81,80,106,146,114,120,124,145,115,116,118,143,109,124,133,83,99,116,117,126,126,139,137,135,131,135,128,109,109,118,125,108,115,115,110,94,93,103,115,109,96,116,118,121,141,129,117,125
159,174,177,184,188,185,191,189,189,186,167,155,135,121,121,108,110,109,83,90,105,132,172,152,158,161,147,168,167,187,144,100,82,84,71,106,93,99,99,72,73,72,70,72,75,83,75,58,52,47,52,93,103,122,111,121,119,115,110,114,116,99,114,123,138,135,128,125,116,110,85,67,60,60,74,94,100,94,99,106,87,76,90,122,121,125,129,142,137,119,125,133,124,133,135,140,129,130,113,111,120,142,125,136,131,128,128,123,115,105,90,98,127,113,90,94,111,107,116,119,108,123,117,114,133,138,130,124
179,181,180,183,176,177,190,189,185,191,186,172,138,139,109,99,107,121,133,94,111,161,170,146,150,164,184,196,192,167,156,105,97,99,96,72,110,118,96,70,74,70,70,70,77,98,105,83,74,53,50,49,87,106,111,111,112,117,122,152,123,131,133,129,126,116,108,102,93,64,56,57,66,79,75,73,91,84,89,94,83,76,81,109,112,122,138,138,111,127,105,91,94,110,93,148,138,128,136,138,138,143,133,132,144,140,141,132,124,117,103,105,112,122,140,110,100,123,123,116,111,112,121,123,121,140,137,135
187,180,173,173,185,194,185,179,175,182,187,173,149,130,124,110,83,134,132,103,134,152,156,156,183,175,197,173,159,152,159,169,134,128,122,102,97,88,69,71,70,70,69,70,80,84,90,110,104,93,72,52,49,91,104,97,94,105,115,141,128,125,119,110,105,115,109,88,46,61,82,95,99,96,99,94,92,84,88,82,75,72,79,90,130,121,144,137,109,94,114,106,119,128,124,82,96,132,87,110,141,156,134,149,162,162,149,141,143,123,107,118,123,109,93,123,114,99,119,115,119,109,125,121,133,155,149,138
182,174,169,182,193,191,188,173,178,190,175,171,147,146,139,95,59,100,113,106,161,138,150,151,145,185,143,156,176,185,173,162,124,69,67,64,67,99,83,72,70,68,72,74,74,84,82,80,85,94,99,76,47,61,96,106,82,90,96,117,115,120,111,105,106,107,93,52,65,92,101,98,102,105,100,100,89,76,82,83,78,71,74,96,120,138,123,91,149,126,112,119,122,109,128,140,114,96,134,111,117,134,152,139,138,143,155,163,149,128,124,117,107,110,87,85,110,108,108,121,139,118,119,120,132,147,148,137
184,172,177,190,190,187,181,187,181,167,165,167,142,147,120,106,117,113,82,134,133,128,146,172,189,165,168,169,179,172,145,129,136,143,82,68,101,118,88,76,69,69,67,73,84,82,81,90,95,113,90,81,67,51,73,98,83,80,94,99,96,103,101,103,111,101,53,70,88,97,99,92,91,96,92,86,75,77,78,78,71,74,85,88,118,98,149,133,79,116,142,103,96,84,115,93,114,142,141,159,125,125,150,146,149,152,144,146,147,157,162,149,124,96,101,108,108,108,110,119,126,133,119,121,132,136,148,141
174,178,186,193,189,184,182,180,185,157,165,165,136,151,128,109,117,72,98,141,152,136,153,141,145,158,170,160,151,159,149,167,151,128,113,145,78,52,76,80,68,72,76,72,78,88,101,98,108,99,87,84,85,69,55,88,99,95,102,103,98,99,104,112,112,69,74,88,88,85,83,79,77,77,74,71,75,82,83,76,74,75,79,91,113,136,106,108,138,100,88,146,124,115,100,102,107,59,69,148,144,142,143,156,150,154,154,142,153,151,157,140,128,137,142,128,113,115,135,119,121,135,123,123,131,129,145,152
184,187,192,186,187,176,162,167,177,159,160,156,156,140,119,88,117,103,142,134,129,151,158,115,138,149,148,146,163,157,170,123,136,148,149,99,126,114,89,76,71,67,71,80,83,87,99,95,96,92,91,83,83,90,66,58,100,103,105,102,89,90,104,101,75,75,87,83,83,84,77,74,71,70,72,75,78,77,75,76,73,83,85,107,114,126,101,86,118,104,131,116,125,70,116,128,91,108,126,100,139,159,156,168,154,159,158,150,132,139,141,135,120,107,94,108,129,130,120,129,120,132,134,126,133,140,145,149
193,189,184,184,170,168,163,164,182,163,167,152,170,145,132,95,95,85,156,113,110,154,150,145,152,147,166,161,180,177,167,154,174,153,144,153,94,54,77,87,67,66,74,77,80,83,79,86,88,79,86,80,80,80,74,60,68,105,99,107,102,99,103,77,75,89,98,89,89,88,80,80,74,72,71,73,75,73,75,74,78,86,81,105,116,98,123,103,127,75,95,139,106,110,80,83,135,144,106,151,149,131,167,170,173,173,169,155,156,149,150,150,148,144,133,128,121,101,110,135,147,142,139,133,138,144,151,150
187,186,172,165,180,175,172,170,176,161,175,153,155,145,146,129,85,128,164,122,145,126,105,151,125,161,152,173,189,179,167,172,168,135,160,121,53,107,107,107,128,87,69,76,76,77,79,71,75,74,73,76,83,81,81,76,88,105,109,114,124,113,93,73,81,91,84,87,85,85,90,79,82,82,88,76,78,73,74,74,79,98,107,113,93,119,125,76,91,130,71,87,168,174,117,77,131,140,159,97,143,162,147,159,155,167,171,182,174,178,174,155,144,132,119,114,119,109,112,124,123,132,154,144,140,149,156,147
182,170,171,175,182,172,186,186,168,161,173,158,155,168,150,118,97,157,144,137,155,122,132,138,140,174,192,191,172,142,151,184,144,148,148,110,166,110,159,129,79,81,78,80,76,74,73,67,71,73,73,77,83,80,82,79,81,89,100,107,100,101,78,78,87,88,91,88,90,83,84,86,81,83,85,73,71,69,70,72,98,103,122,110,99,123,101,123,83,87,128,95,64,160,144,123,136,157,144,154,116,171,162,164,158,163,176,174,161,172,163,141,146,141,122,115,120,115,113,127,133,134,136,152,156,144,150,146
166,164,175,183,167,177,188,185,179,161,168,158,147,156,132,119,114,133,119,144,147,137,132,153,163,175,184,175,156,118,167,167,135,164,177,189,113,166,100,111,94,92,75,73,73,71,72,74,69,69,68,68,76,73,70,64,64,81,89,90,92,70,77,77,73,84,89,86,77,82,90,86,75,78,74,69,72,70,76,76,78,110,88,160,99,116,91,94,115,165,96,102,112,136,155,149,115,103,129,141,154,154,166,167,166,160,170,174,176,175,169,148,123,111,122,118,122,115,121,125,140,139,139,141,150,152,155,145
174,176,183,176,172,176,179,186,180,173,155,157,156,132,136,103,135,144,121,138,130,144,158,159,181,176,156,121,144,158,168,136,132,187,173,179,190,153,139,134,115,87,89,70,84,97,81,68,67,65,72,72,65,66,67,68,62,77,96,101,85,68,78,82,77,80,78,87,84,79,80,80,83,72,71,73,74,69,82,76,100,92,130,77,152,107,126,116,104,151,167,150,112,169,159,174,137,101,50,118,173,164,166,173,173,178,162,163,180,168,157,147,123,123,127,120,105,111,108,126,135,135,141,145,144,148,158,154
172,178,183,189,172,184,187,177,185,172,154,156,153,154,131,107,152,143,126,138,124,168,138,150,137,145,122,129,138,124,165,133,181,84,169,196,193,183,163,120,135,99,123,118,94,79,63,61,65,64,73,68,65,68,68,67,66,67,97,117,77,66,77,70,74,70,74,74,76,75,80,77,77,76,70,70,70,71,94,107,88,127,110,129,105,153,81,84,111,101,148,171,124,139,170,175,151,136,76,85,146,182,157,175,165,176,178,167,159,165,178,169,147,126,115,123,104,109,116,138,126,131,138,144,140,145,159,157
177,185,186,174,180,190,183,175,176,160,141,156,162,152,139,134,151,150,151,132,131,149,133,118,113,145,134,156,162,138,167,185,155,142,166,170,192,192,168,167,140,134,163,137,90,72,73,67,82,67,67,69,67,66,64,67,69,68,108,89,69,67,76,71,68,68,68,69,75,73,72,70,75,76,71,68,71,70,81,99,139,86,143,146,97,123,173,121,88,149,146,167,149,115,142,143,176,160,144,135,151,187,176,174,176,162,172,178,171,165,167,170,157,131,117,121,112,103,113,132,127,135,140,143,142,138,153,156
187,184,181,179,183,185,180,176,179,167,143,170,142,156,148,161,138,145,136,154,136,162,138,120,128,154,140,173,149,166,187,126,155,163,168,176,176,201,188,175,161,174,127,139,95,110,100,106,64,81,87,69,63,67,63,65,71,65,113,79,66,71,74,69,69,67,68,67,66,66,71,68,94,81,94,68,64,78,81,97,106,153,82,165,143,141,153,169,147,148,152,152,122,112,98,157,162,160,172,161,172,175,181,173,165,163,162,173,164,164,161,156,148,151,116,122,121,112,108,124,127,134,141,147,148,142,144,156
181,177,181,179,178,182,177,178,166,160,155,155,149,166,168,161,141,151,139,138,146,147,122,111,91,148,159,157,158,183,161,139,171,160,178,91,160,160,179,195,198,177,163,137,140,147,103,71,66,81,60,74,84,81,64,73,85,67,102,70,70,93,76,74,77,69,63,67,67,81,72,70,67,83,76,90,101,87,125,112,100,118,151,169,165,123,153,171,193,136,117,138,138,134,102,124,137,153,170,183,184,155,167,172,170,162,169,182,171,169,169,162,152,142,145,130,130,117,113,118,132,144,149,135,146,146,146,154
181,180,174,183,178,171,181,177,162,158,160,161,168,166,165,159,143,151,125,124,138,141,105,102,99,153,166,129,156,177,148,129,169,183,146,147,90,143,187,197,186,186,170,177,182,139,131,110,112,71,61,80,75,73,68,90,85,76,97,106,94,93,84,72,72,78,68,74,67,78,83,66,105,83,79,87,138,101,141,148,105,104,125,179,156,167,168,159,189,172,98,120,149,158,111,109,95,161,175,164,161,174,166,171,164,166,167,167,183,147,134,135,139,151,147,136,125,116,109,117,136,138,150,130,132,143,153,146
184,183,185,178,166,180,180,165,171,160,169,160,170,159,159,130,140,159,142,127,132,123,89,118,128,168,136,148,168,173,157,128,185,158,175,136,174,171,179,155,185,161,198,187,162,134,145,119,149,98,100,95,95,84,76,109,90,87,105,118,74,73,96,75,91,80,65,114,77,68,103,72,82,122,102,113,118,120,135,158,163,123,166,184,171,134,182,158,150,176,113,102,46,149,125,147,133,162,137,159,156,154,161,162,138,130,117,134,137,162,134,124,132,129,133,128,125,119,113,124,132,132,144,131,131,143,147,133
173,182,183,176,171,177,171,162,173,153,158,159,173,161,136,124,150,156,151,117,137,132,133,127,142,134,147,162,179,160,160,172,149,162,153,178,163,123,165,150,153,181,188,185,189,187,166,176,165,114,136,152,117,131,125,132,90,137,113,103,81,74,99,103,95,96,66,102,75,87,96,98,88,95,159,117,135,161,123,165,173,183,151,173,172,165,126,172,107,154,175,130,73,93,166,177,159,151,121,165,140,146,152,158,154,144,149,134,151,148,139,116,128,119,116,117,122,126,117,136,134,139,144,145,138,136,134,135
161,173,176,180,177,171,172,178,165,151,161,164,178,162,146,143,130,146,143,127,150,128,131,145,122,154,129,168,154,145,165,152,135,180,141,170,126,117,180,184,157,181,183,192,196,193,176,190,177,127,158,144,149,156,165,154,128,164,155,138,119,112,130,141,105,148,85,132,96,80,107,137,123,84,173,156,141,154,176,184,166,168,163,156,178,156,122,154,167,157,106,158,106,81,156,157,150,149,149,150,174,159,172,170,167,170,172,163,157,144,147,144,131,124,121,120,130,122,122,137,130,137,133,149,133,133,137,139
168,177,176,175,170,176,163,171,154,146,152,172,166,160,137,137,143,147,128,157,141,138,148,116,142,132,140,160,120,145,160,149,170,140,160,147,158,170,182,185,180,147,162,154,194,187,164,188,176,131,171,150,176,153,150,166,147,174,152,159,173,162,152,176,145,184,139,159,130,138,139,156,153,143,167,179,151,169,179,165,181,169,132,169,156,176,105,113,162,160,119,119,134,134,101,140,160,137,148,125,164,168,161,156,165,158,149,144,156,148,142,144,121,120,113,121,123,119,128,138,121,133,136,141,144,140,138,149
164,173,163,164,169,161,163,161,146,170,177,168,160,153,146,153,164,140,138,138,156,154,135,135,136,126,127,135,118,153,148,160,128,171,173,155,143,184,200,147,153,151,117,107,168,174,142,142,155,157,163,161,184,129,154,153,167,168,163,159,156,169,154,175,167,178,166,124,154,158,147,139,173,168,146,180,180,158,185,160,168,175,159,118,174,146,130,99,133,155,131,114,170,148,113,133,160,155,153,145,142,182,159,152,152,143,130,130,133,126,118,132,110,121,118,114,112,125,127,137,121,134,137,136,152,130,121,147
159,168,158,157,173,161,159,162,156,180,162,163,163,148,139,153,161,155,146,143,163,141,126,133,137,110,112,137,123,140,131,135,150,184,153,156,167,193,190,176,138,129,97,165,171,146,136,168,152,153,130,150,170,111,144,114,159,151,148,149,158,180,157,182,166,174,159,138,171,158,147,137,153,163,104,142,167,120,153,186,146,157,164,125,142,117,161,57,77,156,167,107,125,137,134,145,160,165,154,151,139,169,165,153,132,137,139,154,136,130,113,131,121,109,118,121,114,118,127,140,119,128,133,128,144,132,119,126
163,157,144,170,168,168,168,157,166,163,154,157,170,136,146,151,166,161,158,147,155,128,124,132,130,86,107,147,168,105,133,140,147,172,169,165,164,191,179,163,163,157,175,186,170,139,180,195,179,168,92,154,123,133,119,95,135,126,122,108,120,149,118,176,144,147,143,109,157,150,123,107,123,158,105,113,152,129,104,180,110,134,149,154,71,143,144,128,78,97,172,150,116,136,147,151,178,163,158,153,168,167,176,139,153,160,158,154,131,135,131,107,104,112,116,131,103,108,125,134,110,119,136,132,136,144,126,110
153,164,163,169,164,160,162,161,152,170,154,156,167,147,145,151,153,161,151,141,150,129,116,143,123,97,155,168,101,109,149,115,120,177,161,153,176,181,187,174,185,171,150,178,162,156,175,139,115,178,133,125,86,133,85,84,102,107,105,108,119,114,106,171,109,129,99,95,139,141,114,115,120,131,126,91,120,149,90,164,149,119,115,139,83,120,119,178,115,94,128,143,123,145,140,143,168,164,158,159,155,159,177,169,154,135,136,135,135,120,127,113,105,109,116,125,106,113,132,121,113,122,130,126,135,134,116,119
160,173,154,159,169,157,147,155,159,169,151,151,171,151,151,153,162,151,144,149,140,137,143,125,108,126,150,114,115,132,118,124,147,161,164,179,176,176,174,189,181,180,186,171,171,141,145,145,152,153,130,96,104,105,100,81,83,101,92,94,120,94,103,154,95,106,86,88,124,129,111,108,123,99,146,82,90,163,130,121,185,153,93,107,132,91,150,160,143,132,106,140,147,164,150,130,156,156,162,160,147,139,130,141,130,114,130,134,126,128,123,114,94,108,108,125,109,121,136,135,125,118,127,119,128,131,120,132
179,163,158,168,160,158,159,155,158,160,158,156,157,161,166,162,160,148,151,140,148,149,142,120,115,137,130,99,114,139,96,118,139,161,172,163,180,181,179,191,184,188,190,184,180,157,174,151,138,163,146,106,120,119,81,77,102,87,85,119,85,94,89,143,85,97,91,96,114,142,126,114,115,78,141,90,81,128,171,123,167,131,98,85,131,111,110,172,158,97,123,164,155,144,143,146,146,143,145,159,161,152,128,132,130,119,118,110,112,123,113,117,103,105,103,129,113,105,118,124,142,124,119,116,113,124,128,123
168,152,152,147,154,153,155,146,153,157,162,160,160,168,174,164,168,148,153,128,152,153,127,106,124,130,136,83,103,123,99,108,143,157,151,154,172,180,188,178,184,187,189,177,190,186,174,173,135,140,157,125,96,86,95,102,75,80,106,82,77,83,92,124,104,98,87,105,112,121,151,127,89,108,122,125,90,114,144,153,161,101,153,102,129,128,111,164,166,129,139,155,162,148,134,134,102,154,136,146,143,146,125,129,137,125,119,124,126,108,116,120,106,103,103,121,117,103,109,116,141,134,121,120,102,116,127,127
152,142,156,155,147,153,149,140,160,155,160,163,164,171,166,156,163,142,155,135,146,152,138,111,125,135,128,93,114,95,115,117,120,139,133,152,188,178,176,180,189,186,190,177,192,192,181,171,142,155,143,139,130,117,105,96,118,74,105,74,104,78,103,112,97,84,91,110,106,106,157,143,94,122,94,130,122,96,125,162,165,123,119,134,147,130,154,160,181,176,153,153,175,151,168,145,126,143,123,117,130,147,138,134,140,113,106,114,120,106,115,121,113,92,104,132,128,101,120,107,112,116,116,127,113,112,115,123
160,161,161,146,137,148,156,149,164,165,172,165,161,162,155,164,159,152,153,149,138,145,134,122,122,122,119,106,108,124,100,63,127,128,157,164,172,170,171,184,181,184,177,188,195,187,179,185,183,163,167,164,161,137,117,126,94,135,97,114,121,99,108,114,98,92,105,132,111,133,151,127,127,115,118,143,142,105,144,126,173,139,141,107,154,164,167,172,185,167,158,156,155,162,174,153,130,151,132,121,116,127,138,124,131,119,115,117,118,102,117,114,97,77,96,127,119,109,138,113,101,105,105,121,121,92,88,102
171,164,137,136,137,160,151,150,167,168,168,161,162,148,143,167,154,155,153,135,130,138,137,136,133,105,112,94,127,107,81,79,114,126,128,157,153,164,172,186,186,174,179,193,186,173,183,189,178,180,168,164,157,159,146,129,142,143,137,135,145,128,111,137,115,133,142,140,124,148,145,143,123,147,157,146,161,132,155,109,159,166,153,147,162,188,175,171,186,187,159,154,151,138,167,150,144,149,135,98,122,121,141,120,115,130,113,120,108,105,101,114,95,81,95,112,119,132,139,116,92,87,105,95,106,88,70,80
156,145,153,142,154,149,152,155,149,160,162,156,155,150,143,161,157,142,137,130,143,143,131,136,128,93,105,119,132,130,95,96,92,113,115,149,138,146,182,183,181,182,185,188,174,187,191,190,188,180,184,171,170,168,163,164,162,150,169,169,155,153,127,144,124,151,150,164,148,144,141,144,154,175,170,173,159,171,166,156,156,180,177,175,184,177,189,167,179,193,173,152,150,153,135,158,137,128,149,119,118,116,121,122,124,127,123,116,98,100,95,117,97,93,85,117,111,142,112,108,85,93,121,101,92,90,75,72
159,144,144,144,142,149,149,144,148,156,150,149,152,164,167,162,148,139,127,134,140,133,128,133,120,109,111,109,114,102,101,105,73,124,109,124,127,134,179,171,180,186,189,175,188,193,191,191,181,186,186,176,183,182,172,164,171,170,169,162,144,158,161,160,157,168,161,161,158,154,160,174,177,173,168,168,165,165,155,164,177,186,188,185,182,185,186,184,170,178,181,158,151,150,145,130,135,111,143,114,99,93,93,110,93,98,101,101,100,89,96,105,92,100,89,112,108,135,112,95,99,104,105,106,93,88,91,82
129,147,145,132,151,143,135,151,146,154,145,145,157,170,169,153,150,152,130,138,158,135,120,138,118,116,103,112,118,102,87,117,77,126,109,82,126,173,143,176,182,186,186,184,190,192,187,187,179,187,190,182,188,186,177,179,176,186,164,158,159,155,168,176,176,174,170,173,164,159,171,172,176,175,178,174,179,178,182,180,182,185,185,182,184,186,186,177,169,171,182,156,142,148,135,116,116,130,122,116,100,88,91,96,90,74,86,103,107,86,85,95,91,98,99,114,93,128,127,86,102,92,76,87,96,90,102,91
133,140,134,141,151,145,141,154,150,147,145,142,158,171,176,147,143,148,134,130,153,136,126,122,132,114,117,117,112,106,84,101,115,115,109,79,148,116,143,174,181,186,172,181,192,187,190,184,185,189,188,186,188,187,184,186,177,189,183,179,183,158,160,175,178,171,172,178,175,180,184,181,177,176,183,181,182,185,186,176,182,184,178,179,178,179,188,174,168,177,174,136,141,153,125,122,115,122,116,94,81,86,81,81,87,59,83,93,123,87,72,101,103,101,89,90,91,121,124,95,106,82,70,83,83,76,79,92
