110,95,79,106,135,80,107,107,118,107,89,125,118,109,140,147,146,142,113,116,131,83,106,130,72,101,99,128,122,137,113,150,144,138,98,107,120,116,76,75,73,127,77,99,98,136,95,107,121,110,150,114,117,112,83,125,132,78,88,115,105,87,103,108,76,74,99,117,86,133,92,128,133,108,118,80,98,121,135,127,126,139,100,110,105,89,106,100,102,84,104,107,112,124,101,88,105,139,144,127,132,112,144,125,106,99,105,94,154,159,140,149,180,134,141,172,150,153,155,141,150,123,164,176,101,89,116,116
109,91,79,75,75,64,91,142,127,141,110,175,143,89,99,160,122,111,124,133,134,116,101,139,122,134,141,117,144,154,136,141,140,98,106,103,92,77,123,93,104,121,105,104,100,91,136,125,92,96,114,87,88,96,81,87,78,80,75,88,88,96,95,106,91,77,96,119,100,122,109,118,106,84,110,94,87,89,81,100,90,79,77,87,108,90,87,91,70,105,78,102,106,146,138,117,130,125,83,130,124,115,110,125,145,133,147,154,149,133,134,152,161,152,139,140,133,155,139,151,138,115,140,130,134,108,103,91
64,115,103,126,98,98,121,136,92,124,147,132,144,154,132,147,115,115,92,144,117,133,112,132,144,89,112,117,149,135,126,106,146,127,87,92,94,86,87,108,113,138,89,113,103,141,107,116,110,71,65,72,71,84,79,91,77,97,103,80,76,64,66,84,82,90,64,80,79,81,82,108,88,96,83,79,87,101,102,74,75,82,94,78,67,92,79,83,83,104,94,109,109,134,131,133,111,113,107,107,143,119,118,154,146,109,134,112,126,151,144,154,174,158,131,144,129,128,145,142,126,120,163,175,158,118,98,111
61,82,125,134,116,146,149,150,148,130,123,106,157,135,159,142,116,132,166,142,150,89,91,121,118,118,108,89,121,128,105,98,99,118,96,95,98,107,110,92,114,88,78,78,80,104,105,92,86,73,71,72,73,76,91,86,67,70,76,64,68,80,76,72,63,69,80,78,105,68,79,70,86,90,73,93,90,79,87,82,89,80,88,95,92,101,87,91,109,100,121,125,130,134,105,133,117,123,100,104,110,131,116,96,109,137,137,119,132,129,134,135,128,132,177,174,180,143,164,142,140,106,122,130,124,104,122,94
87,109,69,92,93,140,123,142,112,151,134,110,148,152,138,153,95,113,167,116,142,134,124,155,120,118,123,116,99,101,108,140,119,108,105,109,103,97,81,75,77,72,83,54,59,83,81,67,74,66,74,71,96,83,78,80,65,67,78,55,68,77,59,55,56,66,62,85,82,83,89,96,115,120,87,122,122,86,95,94,97,94,92,102,91,120,119,124,119,112,128,145,124,128,132,128,123,111,103,99,99,94,108,75,149,144,124,135,147,124,165,138,128,156,169,115,160,163,172,160,144,141,148,168,127,129,121,111
82,72,85,100,101,89,137,136,130,142,158,128,148,139,140,125,131,133,149,141,93,114,144,127,104,112,88,111,138,109,78,117,114,111,94,93,75,92,99,98,99,72,103,89,83,81,74,87,91,98,98,110,96,74,67,86,76,73,87,81,89,66,84,87,79,78,76,102,116,98,123,123,143,145,144,108,97,88,80,88,114,111,130,123,148,124,129,134,115,127,124,116,90,105,98,99,106,104,103,101,80,106,102,114,105,97,100,126,136,150,123,172,145,137,126,119,129,129,153,147,140,123,97,105,107,115,109,106
82,77,96,99,84,150,155,152,151,149,161,158,127,166,144,137,146,154,134,137,147,128,144,102,96,128,90,90,81,74,101,106,113,85,93,97,107,120,111,124,89,89,102,78,86,73,79,64,92,112,101,97,97,116,90,94,107,97,89,87,122,79,91,114,106,113,110,122,142,141,140,147,115,116,95,95,103,67,85,120,97,108,121,107,121,110,88,87,93,104,111,99,99,85,90,94,86,89,94,83,79,123,82,115,108,117,83,121,135,81,115,143,159,154,150,159,139,144,159,145,158,162,157,150,116,126,126,103
92,74,113,120,134,95,124,103,106,108,160,147,107,127,125,117,118,125,133,114,102,132,103,85,100,103,120,85,83,96,120,77,69,87,91,104,86,85,91,88,69,69,96,82,88,111,67,64,66,69,82,93,118,101,109,122,128,129,144,130,88,69,87,118,112,100,117,132,131,134,128,124,95,75,79,76,59,61,84,87,78,78,64,73,74,72,64,77,68,76,84,67,70,74,75,85,74,76,84,94,73,76,73,93,116,100,106,100,108,127,119,119,98,139,171,159,156,152,150,154,142,167,149,139,134,95,97,89
80,110,112,116,107,79,139,120,147,124,163,167,157,150,132,133,139,164,129,103,113,125,89,89,96,75,77,92,81,83,85,84,77,74,65,79,81,75,74,60,76,70,82,83,72,75,64,70,67,61,72,65,68,83,103,96,119,111,116,126,119,103,78,92,86,91,100,127,101,109,100,86,73,67,73,66,68,80,87,79,75,76,76,75,72,67,66,69,78,72,67,67,79,67,72,70,61,63,58,69,98,92,83,79,90,96,85,88,138,141,107,118,131,146,171,175,174,168,156,119,138,159,130,151,154,128,94,116
74,87,93,106,150,160,136,168,119,113,136,156,158,163,132,107,130,181,132,123,102,84,87,82,82,110,114,82,92,67,65,69,72,71,67,65,76,67,65,63,58,59,65,55,67,78,74,59,62,70,59,61,72,70,85,98,100,97,78,75,104,83,80,58,61,89,83,89,78,78,83,78,72,71,74,73,80,73,78,76,70,62,55,56,70,69,73,72,78,69,67,66,72,65,74,70,70,69,71,71,67,68,83,95,75,93,108,90,98,127,138,136,151,147,149,142,137,131,148,157,125,109,108,164,131,122,116,130
83,127,92,94,111,148,138,129,156,148,104,159,150,153,124,164,161,114,81,106,155,100,99,88,76,104,89,71,74,80,76,67,77,76,72,63,62,66,71,66,70,67,72,62,61,70,73,71,68,66,65,64,66,69,72,74,76,76,89,62,69,77,71,58,75,98,81,75,67,68,67,68,63,68,73,75,67,68,69,66,64,61,58,57,59,53,56,57,66,65,67,74,71,68,69,69,65,63,76,65,68,70,67,72,81,110,98,122,141,161,135,132,154,154,144,152,137,166,194,175,141,114,133,126,100,121,127,129
91,135,140,103,75,155,104,94,100,153,168,169,159,108,145,156,136,107,125,123,111,97,74,80,83,59,77,71,66,70,65,72,70,69,72,60,62,67,63,60,59,62,59,55,66,65,66,63,63,64,58,66,70,63,76,76,69,67,90,72,67,70,70,66,62,59,62,62,72,80,65,52,54,58,59,60,63,65,56,66,100,111,123,161,166,153,145,117,68,47,51,52,71,66,71,68,62,64,64,64,67,69,72,74,83,88,82,105,120,128,111,115,120,144,160,151,146,157,182,169,134,137,114,144,135,119,115,90
76,92,102,104,93,126,159,143,163,155,159,157,139,125,92,157,154,131,144,122,130,106,75,86,93,64,82,82,66,63,61,62,71,68,68,64,57,61,50,47,58,54,59,54,55,50,50,47,49,52,49,52,63,59,59,65,60,58,54,64,67,79,89,70,71,70,66,66,70,65,53,50,86,104,112,113,78,52,64,134,180,178,187,171,182,211,187,189,136,87,42,49,68,74,68,65,67,74,72,70,71,81,81,77,97,126,131,146,152,133,104,126,142,169,163,130,128,160,176,157,164,160,121,99,111,153,130,94
81,117,115,110,104,120,152,157,119,162,126,98,123,155,136,163,145,158,132,110,112,121,97,93,87,68,63,66,70,59,63,65,73,54,56,44,49,38,50,95,162,178,199,184,160,162,159,155,130,57,59,89,62,51,46,52,59,58,52,66,69,68,86,86,87,74,78,76,63,56,70,106,131,111,108,92,54,47,91,162,201,197,147,96,83,159,206,183,158,121,42,59,86,104,105,77,69,75,75,75,84,93,86,112,100,98,102,137,158,130,107,158,158,114,124,154,173,155,124,140,148,155,137,115,139,141,122,115
134,99,148,142,133,150,168,131,136,163,180,147,118,155,170,169,153,134,118,118,117,91,71,70,61,77,85,62,81,62,66,71,64,67,72,61,44,39,75,148,194,201,182,63,94,113,179,171,191,108,47,74,100,89,64,42,46,50,53,57,60,63,65,67,58,62,70,61,57,76,111,126,122,113,96,60,52,45,100,174,195,201,147,81,65,153,204,199,178,122,51,73,108,116,129,107,89,84,82,85,79,87,104,116,104,101,141,141,107,121,131,139,160,144,151,164,167,100,117,155,157,148,142,133,105,104,117,147
122,137,151,155,102,125,105,129,159,148,155,171,165,183,162,160,162,149,155,150,137,111,114,90,78,93,75,65,51,64,67,78,79,74,70,71,104,41,86,156,185,208,175,65,85,99,173,181,198,123,35,47,85,106,110,70,44,39,56,66,67,61,62,55,55,59,63,57,61,101,109,117,130,94,56,47,38,38,68,140,190,209,219,190,181,207,200,180,162,110,42,64,114,147,150,117,95,82,83,87,96,90,107,110,116,116,128,137,166,154,150,146,149,129,124,117,133,125,135,153,151,162,137,131,140,122,87,85
108,116,145,158,132,111,154,90,100,124,158,155,156,171,158,135,147,160,161,143,134,97,117,108,104,90,116,73,84,66,76,94,96,114,107,68,64,44,67,128,195,208,228,186,172,201,201,191,174,84,31,33,45,92,116,97,72,58,46,55,59,71,76,84,69,65,65,55,68,104,94,111,124,69,42,43,37,34,43,103,180,205,218,211,206,191,206,172,117,58,43,84,115,145,147,126,100,94,99,105,92,97,118,128,110,108,142,149,132,114,102,120,149,139,160,145,135,160,112,128,165,153,113,135,120,120,100,128
131,116,116,115,106,125,115,136,154,112,128,133,153,171,155,161,175,159,161,147,153,151,138,120,121,119,96,84,97,80,80,98,126,124,127,91,46,44,39,85,170,213,215,210,210,210,197,188,133,43,35,40,84,65,112,105,75,67,47,49,50,57,70,69,66,70,59,58,82,102,104,121,86,61,92,88,71,47,40,50,104,171,197,204,200,197,168,107,63,44,61,77,142,164,141,117,102,90,93,93,107,107,110,105,93,109,147,138,107,128,142,135,139,161,171,143,134,152,137,147,122,89,91,136,135,124,117,99
144,129,96,101,138,115,140,171,139,120,108,150,162,152,139,156,160,150,136,139,139,135,127,132,134,111,107,115,83,92,93,94,112,133,133,90,51,40,38,42,77,158,199,205,203,209,197,139,53,48,46,51,73,95,75,96,74,60,50,47,51,65,85,92,97,67,72,74,88,135,136,103,61,86,155,95,75,47,43,43,41,59,95,120,135,105,66,41,41,90,69,129,150,152,118,107,96,79,91,100,102,126,119,129,151,112,155,161,149,159,165,152,141,134,166,152,154,156,156,162,134,105,144,124,127,151,127,126
149,122,127,116,130,123,102,156,163,163,144,138,155,155,157,147,125,160,159,159,139,133,125,128,142,145,120,110,125,93,83,100,101,136,123,112,72,55,42,39,36,46,83,111,122,103,62,39,38,45,43,57,105,108,75,104,100,78,58,67,70,56,79,82,71,70,121,110,88,107,108,85,80,64,151,89,59,48,44,48,42,38,32,30,40,57,31,73,117,82,116,129,146,137,103,90,82,85,77,126,106,98,102,122,154,131,138,142,141,153,149,141,133,146,137,146,160,166,139,125,135,172,107,101,104,120,91,97
147,115,123,137,117,132,123,129,169,149,155,171,168,175,151,134,134,148,119,120,139,162,118,135,121,104,133,119,105,83,118,90,107,112,123,121,101,69,85,61,35,35,35,35,38,32,28,26,28,29,101,90,105,76,71,116,117,87,62,81,68,85,78,62,72,118,125,138,93,103,76,53,54,83,105,110,84,87,74,63,46,47,44,58,76,94,73,70,96,135,137,146,142,117,93,80,77,73,110,99,100,95,110,93,97,139,145,128,131,159,181,156,166,171,146,166,167,162,160,149,145,119,119,161,145,134,105,124
145,84,82,131,129,113,138,113,139,161,141,121,145,180,181,168,161,144,151,176,172,153,146,124,129,134,136,123,89,101,103,104,87,91,103,127,101,101,84,66,73,59,43,49,41,36,57,57,60,79,98,133,168,160,149,96,57,69,61,111,123,95,116,140,107,124,108,112,118,68,56,56,73,94,114,116,102,107,76,91,90,102,84,69,59,56,94,150,136,132,136,141,96,72,68,97,83,113,109,89,90,107,133,98,110,157,165,159,144,118,147,173,168,153,145,127,142,175,157,134,139,130,156,119,126,141,120,116
78,72,107,144,151,150,151,117,130,166,160,143,147,166,154,162,112,139,145,163,180,155,104,134,131,104,128,125,123,99,92,114,89,76,83,102,116,99,102,118,82,62,64,82,90,92,92,96,102,102,121,129,116,95,68,56,48,39,58,120,100,104,141,128,132,134,148,138,129,76,72,102,54,76,110,122,128,111,103,107,90,85,93,96,104,151,148,137,147,145,129,80,78,90,91,91,98,116,92,90,111,105,87,108,154,145,146,134,127,154,180,167,142,141,158,162,144,138,127,122,128,146,143,143,137,138,139,97
103,122,129,108,142,157,147,132,102,138,160,160,119,135,164,168,135,129,154,172,168,143,123,120,136,139,97,148,116,119,121,117,106,96,95,99,91,111,108,79,92,97,115,97,110,117,111,114,112,108,119,99,110,96,69,57,53,56,90,140,105,68,81,150,128,136,135,136,130,118,74,79,72,49,74,83,97,120,127,137,153,149,121,142,174,160,165,177,128,103,81,77,86,96,86,89,98,113,91,99,102,104,127,127,106,134,126,138,139,147,136,132,162,177,176,169,135,154,186,182,164,136,148,149,102,144,123,98
81,126,116,92,131,153,145,122,145,173,167,158,170,145,136,158,161,150,140,124,125,164,147,100,120,126,134,118,131,128,100,90,108,117,94,85,75,78,79,105,133,135,138,110,114,128,133,140,129,128,116,100,82,79,76,93,65,52,77,126,132,133,123,159,155,172,164,134,91,132,83,89,79,82,72,71,72,99,95,99,98,110,126,132,118,114,95,80,72,71,73,95,82,95,112,90,115,123,88,135,148,141,96,97,119,154,166,141,136,138,125,165,155,164,169,135,126,140,149,131,179,132,126,118,123,135,130,111
74,71,105,120,128,133,111,126,119,139,148,143,127,141,124,150,168,152,97,118,138,141,155,143,122,123,130,124,103,88,126,91,120,117,114,103,85,63,48,75,96,118,137,122,132,127,117,109,105,89,87,95,78,88,91,70,51,73,117,132,116,113,138,196,152,162,165,165,100,120,116,101,72,50,51,64,75,72,82,92,96,91,96,88,83,75,55,55,63,76,86,94,87,98,112,96,103,79,89,118,86,97,132,123,133,143,140,133,112,106,138,151,180,167,142,164,128,132,181,178,166,133,143,150,149,145,131,98
96,85,125,137,154,100,135,137,161,163,153,131,143,133,161,170,159,135,161,138,129,117,138,141,159,136,136,152,125,98,109,127,99,93,87,111,102,80,68,55,65,57,77,67,75,75,68,70,66,73,68,56,51,49,52,65,66,100,130,135,115,80,100,186,185,174,170,185,123,101,118,72,47,63,101,112,108,107,110,115,124,118,106,110,104,98,83,61,66,70,83,73,94,115,105,92,132,93,94,125,110,107,108,122,136,133,115,142,166,148,123,155,177,141,125,148,170,150,165,170,142,127,101,116,140,127,120,99
90,97,75,171,163,141,133,145,139,140,108,124,164,167,133,112,128,150,181,148,143,165,158,160,131,114,115,87,113,114,112,109,104,91,84,92,105,77,70,70,58,49,55,63,64,59,68,84,87,103,133,123,109,64,34,60,75,124,145,173,110,71,138,184,185,175,183,187,132,71,83,56,47,76,117,115,125,137,132,137,146,135,125,118,105,101,97,95,99,84,66,79,109,102,89,91,85,102,98,128,102,97,123,113,133,158,144,131,164,176,157,148,149,162,178,160,161,178,163,155,147,161,155,141,130,139,118,101
79,119,107,99,137,126,117,124,154,172,133,108,132,175,178,123,127,141,174,183,155,112,145,165,136,150,126,115,84,102,95,117,106,96,64,70,59,57,54,53,63,78,82,87,91,94,99,106,107,105,102,122,146,146,79,55,96,142,165,169,104,77,103,172,168,164,187,182,197,93,68,57,61,78,121,141,158,178,166,155,145,124,111,101,96,95,88,72,59,60,70,75,86,80,88,90,106,111,82,85,107,137,123,130,134,135,153,166,144,164,164,159,158,142,151,166,173,173,142,143,171,108,127,89,101,137,116,99
93,123,159,138,121,119,112,145,174,156,157,158,125,128,159,124,158,171,165,122,123,133,145,149,137,159,137,115,88,92,97,87,106,94,96,87,89,62,62,58,51,67,86,98,98,101,112,117,118,120,126,121,121,130,110,67,101,143,167,162,115,102,112,172,152,220,208,179,201,129,54,49,66,97,142,168,185,168,156,141,121,110,106,100,98,93,91,90,86,78,74,76,77,86,81,77,117,78,100,116,124,115,134,108,111,143,134,119,105,129,153,139,172,167,142,159,162,141,150,134,150,145,122,150,145,124,118,110
102,139,134,130,118,102,151,136,145,155,135,122,156,164,164,149,159,144,138,180,175,133,118,117,116,135,166,121,114,106,81,102,95,79,76,87,76,61,48,63,68,81,90,88,91,103,120,123,125,136,139,145,141,132,152,75,97,163,200,179,132,121,137,189,215,241,201,177,184,184,79,64,96,125,163,185,169,143,132,133,135,124,116,106,96,92,92,106,96,87,88,88,84,83,104,89,84,86,95,130,99,99,130,115,121,125,151,138,129,149,169,150,132,120,139,136,138,146,139,118,119,128,142,150,131,94,115,116
96,103,89,136,120,126,120,123,119,138,128,119,157,128,134,124,138,106,120,168,174,152,134,79,149,151,144,128,144,128,70,78,71,75,95,88,69,68,71,78,80,90,97,95,90,108,125,131,138,138,145,136,150,154,157,91,103,172,201,195,125,134,175,208,242,243,213,185,195,192,129,90,109,139,175,173,134,132,148,145,138,127,115,99,100,95,102,98,100,101,83,73,64,71,73,90,92,82,132,89,101,119,107,111,120,112,160,147,110,127,144,167,154,149,152,167,177,175,152,143,120,147,146,139,148,109,103,124
93,105,145,120,117,143,135,148,140,136,161,152,161,157,160,175,140,105,163,162,152,140,138,149,139,146,119,101,146,105,61,81,89,73,62,58,50,62,78,92,82,87,97,103,101,94,120,137,153,154,145,155,151,163,184,102,128,204,230,221,141,140,199,210,241,240,210,199,202,211,177,103,120,148,165,145,140,146,148,149,134,133,122,113,105,98,110,102,98,90,91,88,80,77,89,88,97,77,114,89,69,126,124,131,118,147,143,118,113,146,162,155,165,159,152,136,164,148,160,134,156,143,156,163,127,109,124,133
114,108,105,84,114,116,118,127,157,148,135,156,148,152,131,137,166,159,127,137,147,116,142,132,132,126,100,124,125,114,83,70,76,77,73,61,61,79,89,90,94,97,99,110,113,111,108,138,155,168,153,146,150,154,197,136,177,210,223,208,152,158,172,205,237,240,230,214,214,223,215,122,131,138,143,152,154,156,154,146,141,141,125,110,101,104,113,110,109,112,106,99,90,81,84,95,102,91,97,86,88,87,126,105,106,120,137,159,144,152,157,146,141,154,142,150,163,169,170,145,118,102,138,107,111,116,138,134
94,84,106,79,130,140,122,126,129,130,141,137,144,173,135,102,102,130,144,128,122,106,142,141,147,130,94,70,95,81,89,78,72,77,73,67,81,98,103,86,90,97,105,119,120,122,114,126,152,168,159,161,145,158,219,175,192,215,216,202,159,172,199,209,230,236,238,234,223,209,206,151,144,143,140,162,156,159,152,149,143,140,117,103,106,109,104,113,106,102,109,101,87,85,88,109,99,80,91,92,128,105,92,125,153,139,117,129,137,130,150,148,141,119,138,127,127,146,162,162,118,118,123,163,140,105,83,88
100,110,120,112,90,102,125,117,120,135,144,112,136,154,130,122,154,158,154,151,125,107,157,141,149,112,104,87,73,106,119,107,106,89,75,81,89,102,117,110,84,105,114,119,135,133,134,127,149,170,175,168,150,164,217,184,211,222,237,214,185,152,190,191,229,239,241,236,222,221,215,175,146,137,150,158,159,157,154,165,155,121,104,116,103,90,108,104,102,101,104,96,88,78,86,99,114,116,115,107,114,108,90,101,119,126,145,131,134,136,118,129,140,145,162,166,146,134,149,151,146,123,121,117,162,142,106,83
115,129,138,111,133,94,89,121,143,142,127,143,166,138,146,135,134,159,145,126,124,144,112,122,99,115,128,97,111,130,110,90,93,69,50,86,97,108,117,118,90,96,105,118,129,142,142,137,147,168,189,172,161,173,223,195,223,233,238,210,199,212,212,213,238,239,242,236,234,231,227,197,146,140,148,155,163,149,163,168,135,119,120,122,118,105,107,104,101,98,106,105,102,76,93,101,104,96,112,120,108,98,104,118,126,122,154,165,143,135,128,132,155,174,164,142,130,139,164,152,132,115,124,151,168,121,106,109
112,126,107,100,111,124,124,127,95,104,126,133,123,107,129,132,143,158,170,145,126,110,110,124,128,104,129,136,125,129,104,83,71,68,64,83,99,120,121,123,121,87,107,127,131,140,145,142,151,155,186,184,161,176,212,188,225,237,231,228,203,207,231,238,240,243,237,243,228,232,224,194,146,130,146,157,154,162,172,155,133,128,125,115,118,109,106,97,97,103,118,114,103,82,79,88,93,110,120,96,112,125,148,143,115,120,137,132,151,146,143,157,146,167,157,165,164,154,157,163,151,113,128,131,143,124,119,105
101,104,117,104,102,99,108,147,134,108,128,145,153,126,105,137,140,129,156,159,148,147,160,142,140,144,139,109,119,117,117,108,92,66,67,87,101,109,122,128,126,98,107,126,136,135,150,145,151,151,174,187,157,170,213,223,233,241,242,222,214,210,227,231,237,242,238,239,237,234,226,218,169,140,151,151,168,180,168,141,136,130,131,122,109,123,108,90,103,114,125,128,101,87,89,86,101,110,129,107,99,124,126,132,119,141,158,135,139,151,143,149,155,171,164,144,137,142,179,158,104,98,141,136,142,140,100,87
112,119,101,121,100,132,141,129,123,136,124,138,173,152,130,134,137,161,162,124,113,112,119,111,145,157,129,119,109,106,123,110,110,97,77,90,99,114,122,128,133,127,98,125,134,135,145,152,148,148,166,178,166,184,207,226,234,240,235,203,210,229,229,219,224,236,245,241,239,238,229,218,169,132,141,153,177,179,163,151,145,136,137,128,113,113,103,100,110,121,119,112,100,89,92,99,120,117,103,102,117,120,137,110,117,142,163,148,151,125,152,164,163,162,141,153,151,145,145,135,168,130,113,132,135,115,117,115
140,78,78,128,149,115,103,104,141,143,137,126,132,161,137,108,132,137,158,149,117,137,120,113,146,144,108,114,122,106,109,121,93,95,92,89,95,99,116,131,141,131,109,116,130,128,134,143,147,148,154,181,170,186,223,236,238,231,231,199,217,239,235,223,234,237,243,243,241,231,230,223,179,139,145,162,172,173,160,145,146,140,135,128,127,111,99,111,121,126,117,111,98,85,89,98,115,113,118,128,138,154,137,130,130,123,134,134,150,148,151,146,133,142,151,134,136,133,141,148,153,133,108,129,105,99,127,115
99,88,105,77,106,107,92,105,135,151,98,118,103,137,155,127,108,125,126,147,169,136,126,138,121,134,162,129,118,146,97,85,92,83,96,95,96,104,116,125,144,142,130,112,136,145,133,139,138,144,151,175,168,172,232,240,238,240,231,215,232,241,239,233,242,241,239,239,240,232,227,226,164,136,155,177,182,175,142,153,160,146,136,131,127,112,119,124,124,119,117,108,94,92,93,111,123,115,94,106,130,144,116,123,150,150,160,134,125,153,147,152,148,126,141,142,148,146,126,140,125,129,119,129,142,120,111,98
90,100,114,93,99,114,148,111,81,124,122,138,102,83,127,139,125,137,119,131,150,148,136,113,127,136,133,111,102,123,93,81,81,88,95,104,97,105,102,121,140,143,131,115,126,150,148,143,140,145,146,170,166,189,237,237,241,242,235,223,237,244,243,239,225,238,240,240,237,232,228,215,152,139,165,184,188,172,148,157,152,138,130,140,121,108,129,135,128,99,107,102,91,91,97,93,98,108,112,120,139,139,124,122,137,136,147,146,134,158,147,155,149,141,168,161,142,151,145,150,131,127,130,119,121,100,92,115
87,109,116,98,93,110,126,131,122,97,120,125,131,128,102,99,125,147,120,122,159,146,135,133,145,130,106,122,119,93,67,69,62,90,97,94,87,105,120,124,136,146,142,124,127,145,154,136,135,139,144,150,157,198,237,241,239,242,240,234,236,240,238,231,232,243,240,238,237,232,228,221,150,149,170,194,183,148,155,153,140,134,144,135,118,124,139,137,124,120,111,99,97,106,99,91,99,103,100,80,118,129,149,131,146,135,163,163,153,146,140,145,145,138,137,137,128,146,168,158,146,138,138,109,100,116,98,105
106,107,113,110,100,125,128,105,108,129,145,157,168,144,138,143,166,131,141,160,157,141,147,132,122,128,115,123,120,87,63,89,89,83,105,109,85,105,107,127,129,146,147,142,129,146,149,139,137,144,145,149,166,201,239,242,239,243,240,234,237,226,230,234,237,241,242,240,244,239,234,226,150,157,172,192,162,151,162,146,140,150,146,132,129,130,136,129,114,114,106,99,98,103,98,95,86,89,102,127,107,109,146,150,136,140,154,157,144,131,121,147,165,158,136,129,133,161,125,127,116,123,117,96,84,100,110,98
115,106,107,100,130,121,116,114,101,142,144,149,143,117,108,113,118,131,162,153,131,137,161,137,137,139,104,78,79,99,86,84,75,85,112,120,90,97,112,122,131,136,146,137,130,139,152,144,134,142,151,142,163,204,240,241,238,239,237,231,234,235,234,233,237,241,241,245,246,244,235,226,154,163,182,181,144,155,154,140,153,153,142,128,141,147,139,130,113,113,99,96,111,101,94,98,93,92,95,98,97,90,116,145,127,117,129,163,152,154,147,136,159,167,130,117,122,123,129,129,134,146,124,120,102,82,105,80
113,122,124,130,110,83,84,105,119,149,133,106,101,137,148,139,150,139,146,127,141,147,156,131,101,115,90,109,115,111,90,67,72,87,109,125,108,90,115,112,130,126,138,130,136,142,158,154,144,135,143,149,164,204,244,244,245,244,237,230,240,241,233,234,234,237,243,244,245,243,239,222,156,166,182,159,150,157,141,149,166,157,140,132,143,147,139,126,126,117,94,98,113,111,99,88,78,78,103,134,127,117,129,142,130,111,142,170,169,137,134,148,156,145,126,147,150,124,135,110,108,135,121,112,95,94,74,97
129,94,114,126,102,89,82,101,142,121,134,108,130,110,123,150,149,162,121,121,125,123,129,116,141,96,113,130,109,119,91,50,72,84,109,125,119,81,112,110,124,135,139,144,140,150,152,166,152,140,146,148,159,211,244,245,241,242,235,234,239,232,234,232,233,238,244,242,244,243,238,225,158,171,177,147,160,163,144,161,163,145,146,139,148,151,134,118,123,110,98,98,115,118,103,90,89,92,94,100,118,120,123,107,147,103,122,139,150,160,142,136,169,160,148,136,129,155,136,133,133,116,113,122,107,84,69,68
109,102,113,75,93,97,110,103,110,111,119,136,129,104,118,120,159,159,159,150,134,132,130,124,101,125,149,142,103,82,64,59,82,91,117,123,117,78,94,113,116,129,140,156,142,149,151,155,144,135,150,143,153,216,241,243,245,245,236,238,241,232,224,230,226,235,242,241,241,238,237,218,153,168,170,137,158,152,156,163,161,144,147,147,149,147,139,124,127,112,90,115,110,104,105,91,97,98,112,98,91,125,110,99,105,111,130,154,144,130,129,145,167,156,124,123,124,150,117,102,121,131,104,118,108,108,96,87
109,105,109,102,126,127,104,82,96,113,119,129,119,149,121,130,119,144,130,136,159,165,142,126,142,96,135,126,98,71,57,59,82,96,117,120,128,93,94,110,118,131,131,147,145,144,157,170,160,147,141,150,156,220,238,240,242,246,239,237,240,236,226,228,231,241,243,242,240,241,236,202,141,168,147,152,159,153,158,167,152,145,137,149,153,150,143,124,120,104,80,112,119,109,99,89,69,66,69,92,136,116,128,110,112,121,133,137,137,140,115,119,150,147,134,142,131,133,134,137,110,106,109,110,90,90,99,83
105,95,119,116,121,130,104,97,98,71,94,116,116,105,124,157,107,87,127,140,162,151,135,135,148,154,142,142,122,82,60,56,78,92,106,106,126,111,89,112,124,133,137,151,146,144,163,176,172,146,144,140,155,225,237,239,245,245,240,240,237,232,218,219,230,239,242,238,235,244,237,222,159,173,137,149,143,143,164,174,151,150,139,147,158,146,147,128,123,113,94,108,113,111,95,93,83,76,72,86,105,94,100,124,117,155,138,138,135,150,150,149,148,114,102,126,129,156,124,103,121,132,110,117,107,89,96,95
99,103,72,72,98,122,118,73,61,84,114,111,113,128,142,148,108,108,153,162,160,127,126,130,138,107,115,104,61,62,63,73,86,85,103,115,120,122,99,114,129,136,140,149,162,138,158,174,180,150,145,148,160,228,237,242,244,245,240,240,239,229,217,222,230,236,237,239,238,239,238,224,161,162,141,146,140,144,175,164,156,138,147,149,157,140,139,132,123,104,121,116,119,116,106,93,83,81,111,89,100,122,107,141,128,137,139,121,136,128,146,121,114,120,120,134,123,144,111,97,95,117,108,90,93,111,108,96
97,107,82,75,75,93,103,108,107,101,113,114,130,128,114,123,138,108,113,94,147,129,134,121,113,134,102,121,78,58,52,72,97,84,104,116,141,135,109,104,118,139,149,148,161,147,152,183,182,161,136,138,161,231,241,242,245,245,240,242,239,229,225,221,226,233,237,239,238,236,238,224,163,149,138,146,147,167,185,158,154,138,150,151,137,138,131,122,111,112,132,133,117,108,110,88,79,73,88,84,73,81,111,131,105,99,96,111,122,126,128,132,130,117,120,106,97,106,120,90,98,98,115,111,113,101,102,92
142,113,116,112,110,118,111,90,94,136,128,110,92,104,118,132,122,120,108,121,149,148,160,120,111,123,62,89,80,86,59,84,94,75,104,130,145,140,120,92,114,132,145,151,153,151,151,182,189,162,143,137,166,231,241,242,244,243,241,243,238,218,206,210,225,237,237,237,239,242,240,228,167,145,141,148,151,183,181,166,148,141,149,145,139,136,133,123,88,110,129,133,123,109,122,83,73,76,77,72,85,80,117,137,129,122,145,162,139,144,141,135,132,120,128,140,138,121,98,98,94,108,96,82,89,111,105,83
144,138,143,130,131,100,90,77,72,79,90,135,106,77,85,86,115,163,120,101,107,118,123,139,117,74,85,109,97,96,59,76,95,81,102,116,143,139,123,105,119,135,159,156,156,161,145,176,194,171,142,140,169,231,241,242,245,244,240,242,234,218,190,196,227,236,240,239,237,242,241,229,165,142,132,140,159,184,178,163,142,154,151,149,138,131,130,122,101,116,128,135,114,104,107,88,64,93,97,72,66,106,143,154,127,118,109,110,151,151,127,116,108,106,136,136,119,105,107,117,118,116,92,93,94,106,97,120
154,147,133,129,126,96,125,109,91,72,68,118,94,94,86,87,126,133,124,115,87,97,116,147,120,77,75,91,102,76,60,83,101,91,97,104,121,142,127,110,108,137,158,169,166,161,145,165,195,183,141,137,164,225,239,241,244,244,244,242,233,215,199,206,215,234,241,239,237,240,241,231,164,130,135,144,163,196,170,161,147,153,164,147,144,135,127,101,111,133,135,127,123,99,96,78,76,71,75,108,85,117,117,93,118,119,125,145,121,121,135,129,124,124,125,125,105,106,123,114,99,99,103,105,95,87,86,104
142,122,125,128,131,118,101,78,74,101,73,60,69,108,118,98,70,66,93,74,96,99,82,104,135,104,90,89,71,88,52,75,113,102,80,99,121,133,138,120,105,132,152,167,173,159,149,156,190,191,160,142,167,227,238,241,244,245,245,239,232,220,200,197,221,233,240,241,241,240,239,229,168,137,140,150,169,191,164,146,153,157,164,155,139,138,120,116,135,147,142,123,106,102,97,81,64,68,76,92,131,109,79,93,104,134,138,112,129,130,127,106,115,124,118,114,127,96,85,82,108,96,98,100,96,93,101,106
87,90,88,99,135,124,64,66,106,112,72,75,56,87,115,94,72,72,90,104,121,85,74,84,73,89,86,92,77,52,45,59,105,104,70,92,102,129,140,125,115,111,143,169,168,161,152,144,182,190,177,146,169,236,234,241,245,246,244,240,234,216,208,205,219,233,240,242,241,241,239,227,164,136,146,148,181,184,159,151,159,165,177,159,149,138,113,128,141,163,143,125,106,109,88,77,69,64,83,100,115,126,135,106,106,107,122,110,124,112,98,93,99,104,108,109,94,96,107,111,101,110,105,99,104,104,98,101
122,112,113,103,104,84,92,122,102,98,81,91,67,100,111,109,99,93,97,121,122,92,86,63,53,71,59,88,97,64,44,62,103,116,83,85,107,134,145,139,127,114,139,169,171,158,147,137,179,184,174,145,176,239,242,243,246,244,242,239,233,226,208,202,215,229,238,241,242,241,239,225,164,137,146,151,190,177,153,159,166,187,181,158,169,127,113,127,145,161,148,128,122,107,82,65,68,66,76,87,90,121,103,114,104,100,115,128,127,136,133,118,100,120,120,104,92,97,108,110,87,92,101,90,91,110,118,105
147,136,122,124,116,91,112,63,65,78,95,94,66,75,83,110,117,72,69,83,97,109,117,94,78,86,58,81,69,50,48,50,97,115,92,82,98,115,132,148,120,125,127,167,171,162,146,138,164,184,162,145,174,238,241,246,247,244,241,234,224,221,215,202,223,231,237,243,241,242,239,225,168,136,145,167,193,168,148,163,175,190,187,175,151,118,122,133,155,148,143,129,119,101,82,63,66,80,68,83,87,106,105,125,120,102,109,109,126,121,109,102,112,98,99,87,93,130,102,87,85,85,98,105,102,95,95,98
134,121,115,112,101,109,85,73,75,77,81,83,75,89,103,89,83,73,64,88,77,71,81,70,84,66,67,106,77,40,26,45,93,113,108,76,88,96,137,151,136,145,122,153,183,172,154,145,154,190,167,141,169,239,243,245,246,243,242,240,232,221,210,204,217,233,240,242,238,241,239,225,165,139,139,175,187,157,146,164,187,187,171,165,139,116,128,150,146,127,135,136,120,96,80,69,71,83,85,107,95,76,83,104,109,101,116,125,112,121,109,103,126,111,100,85,89,85,93,88,90,92,104,87,90,80,80,84
112,118,137,141,139,129,127,116,88,96,104,121,99,75,92,99,95,81,67,62,83,82,94,81,68,76,60,65,53,41,24,30,99,125,127,90,80,102,130,150,147,147,137,140,168,183,163,145,140,180,174,145,170,240,244,246,245,244,240,234,228,207,205,204,218,236,243,242,241,241,238,222,158,135,145,179,174,134,147,171,189,173,169,154,119,126,130,148,159,136,119,130,109,96,83,70,65,89,89,92,110,94,91,105,113,106,110,119,114,94,129,131,100,105,101,96,93,102,107,97,96,92,103,93,82,89,80,75
120,120,125,134,147,138,110,116,112,90,98,90,97,74,75,78,56,72,80,58,69,88,96,69,65,82,60,75,67,47,28,32,84,116,117,117,81,103,115,143,145,140,139,129,161,170,180,147,134,178,182,146,160,238,246,247,246,244,239,230,227,192,174,200,214,230,241,241,239,239,239,218,156,137,154,173,173,144,156,182,179,172,183,149,122,133,139,154,142,126,117,126,100,88,82,78,77,92,85,79,89,84,88,105,102,110,93,111,118,118,116,108,104,95,101,98,106,116,90,85,86,91,104,92,93,94,86,76
159,145,141,156,159,153,142,130,127,127,127,94,103,86,85,71,84,73,67,74,88,94,65,61,80,68,61,79,61,56,25,15,66,99,114,124,88,101,114,141,163,164,140,122,160,158,163,168,132,172,187,156,156,238,248,248,247,245,242,234,219,202,180,200,200,223,241,244,241,242,239,212,149,137,160,182,151,141,159,170,154,186,175,125,143,136,152,157,132,118,119,113,94,94,74,75,67,93,81,74,88,108,99,103,105,90,101,102,90,82,92,99,87,91,100,108,94,104,87,82,84,96,83,80,88,87,85,92
161,152,154,142,133,148,160,143,133,145,113,126,133,131,124,107,110,109,59,93,94,74,45,59,73,95,83,61,61,58,37,28,51,89,113,128,99,97,122,146,165,167,141,128,142,151,142,158,141,159,182,171,154,229,246,247,244,245,241,238,225,206,199,196,197,212,238,244,244,243,240,203,146,138,155,184,142,149,162,171,171,191,147,127,146,155,167,150,132,120,123,108,97,95,76,75,69,72,96,80,91,88,92,74,82,111,93,82,85,104,104,89,91,87,110,93,87,112,105,91,77,94,92,90,78,82,82,85
173,181,171,145,157,164,160,154,132,147,155,132,117,87,101,104,92,64,93,80,63,83,78,59,62,89,77,76,69,52,34,23,44,79,109,140,114,90,123,136,172,159,151,142,133,155,144,150,135,140,182,167,151,219,245,247,241,242,244,237,230,206,192,196,199,210,238,244,244,240,238,187,146,143,164,185,143,148,168,168,182,182,132,133,151,165,158,150,115,114,117,93,108,84,68,72,66,66,93,105,93,95,95,96,91,91,104,94,99,79,88,103,95,103,90,91,96,101,96,88,85,90,76,83,74,76,77,74
183,193,178,178,166,159,151,146,133,135,141,128,128,122,121,121,118,91,76,68,60,45,46,57,72,65,62,81,80,56,32,22,37,73,102,125,130,94,119,130,166,162,157,155,130,163,167,149,140,124,163,173,154,207,244,246,241,242,239,235,218,195,190,200,204,205,234,242,245,236,237,172,141,145,176,179,139,148,179,173,193,159,122,144,168,176,164,132,129,123,106,99,110,76,53,58,82,79,69,85,112,92,108,112,111,99,107,97,100,79,89,110,85,98,96,93,106,96,89,80,91,92,84,76,86,86,75,78
156,175,188,184,174,152,160,161,163,171,155,154,146,147,143,148,104,94,58,46,59,48,67,71,83,56,55,58,57,45,41,34,47,62,83,109,150,107,105,124,162,180,155,143,131,169,170,163,154,137,157,179,155,188,244,248,243,243,244,238,227,195,190,203,211,219,233,240,245,240,225,167,139,159,192,163,141,164,166,175,190,132,133,141,170,191,161,125,129,126,109,107,94,59,59,57,65,65,53,84,103,92,95,81,102,105,96,95,81,101,97,88,80,80,88,101,99,82,99,92,101,85,76,77,80,80,73,74
172,180,166,172,179,161,156,166,165,162,167,169,164,163,158,151,115,57,60,68,73,60,68,73,57,65,80,60,62,50,38,22,35,66,83,101,156,125,98,127,161,170,172,150,130,172,175,166,175,143,144,186,169,175,240,247,242,240,242,235,226,212,194,199,205,228,240,243,242,240,204,164,139,162,190,139,146,177,158,184,174,122,140,160,195,188,147,132,127,124,99,116,94,65,63,66,62,72,70,68,77,81,86,83,90,87,94,97,96,108,111,107,88,81,102,94,92,92,86,93,102,82,77,82,85,77,79,78
161,166,168,183,179,176,181,185,178,178,181,167,160,157,128,91,57,43,47,54,58,53,64,71,58,44,57,65,56,49,38,40,27,68,71,95,129,152,92,125,148,180,163,159,134,157,193,168,183,155,139,186,165,166,230,245,243,243,242,236,227,215,209,195,212,228,239,245,244,239,184,172,145,167,183,125,154,179,169,188,151,126,156,188,200,178,144,132,131,111,107,109,71,65,66,67,66,70,88,89,77,82,76,78,102,100,105,87,93,92,96,82,89,97,97,89,76,90,85,94,98,88,82,87,77,80,76,82
162,172,187,193,187,184,184,181,176,163,155,140,125,92,64,70,58,71,55,69,64,55,54,74,57,43,56,67,58,50,34,35,23,65,69,90,107,158,118,111,138,189,184,165,128,138,191,177,183,165,133,179,179,165,220,243,243,242,240,234,224,213,199,198,215,237,242,243,242,231,171,164,146,184,164,119,159,184,174,178,133,146,151,194,187,159,141,141,129,99,115,103,65,64,59,53,45,69,73,72,82,75,99,82,90,89,100,104,113,89,87,90,87,96,92,83,77,79,79,92,92,91,88,91,74,75,78,74
180,180,186,191,191,177,169,173,163,153,141,122,104,92,73,79,89,76,74,44,49,57,60,59,57,54,55,56,63,48,51,36,26,60,67,80,99,131,142,98,132,183,195,162,145,121,177,180,175,180,143,169,187,163,205,240,242,237,239,235,225,217,207,210,223,238,243,243,240,221,180,151,152,181,143,133,165,174,174,166,132,141,157,182,177,138,136,132,110,111,116,91,55,61,56,59,54,83,76,74,83,97,85,101,93,89,70,94,83,98,86,95,93,94,76,81,91,95,78,90,87,93,82,93,87,79,75,77
178,191,196,188,184,181,180,179,172,172,157,127,128,132,115,121,111,86,75,77,41,58,57,71,60,58,44,61,53,69,40,23,32,44,87,70,104,131,145,102,116,155,200,177,149,128,145,164,169,183,140,152,184,165,180,236,242,237,239,233,223,213,205,213,230,240,245,245,240,220,173,144,147,173,134,146,169,172,169,162,124,133,155,191,150,130,138,118,101,132,110,76,61,47,47,54,64,64,67,67,73,84,80,87,91,104,92,81,101,98,118,102,82,98,95,90,95,91,79,89,97,95,94,90,93,81,81,78
198,201,198,197,197,190,188,180,155,138,157,166,159,123,112,113,80,46,55,51,53,57,51,50,39,43,49,48,51,56,39,34,37,42,81,76,94,115,151,109,103,138,189,174,143,125,162,150,145,156,149,135,179,159,168,230,241,240,243,237,228,216,214,224,236,241,243,244,240,212,169,140,157,164,118,149,166,169,176,140,124,136,181,176,126,129,133,106,112,124,105,79,57,43,48,46,60,73,74,78,74,83,105,98,94,84,99,87,98,95,89,96,94,77,83,86,101,100,89,82,87,91,81,84,86,86,91,88
199,192,196,197,193,185,176,177,178,174,174,166,154,130,121,95,54,55,56,66,73,47,41,45,42,52,59,52,53,51,33,23,28,36,59,89,83,108,146,135,89,124,158,167,151,128,140,180,173,152,151,143,164,169,174,228,238,237,239,234,225,216,213,223,238,244,244,244,237,199,155,145,175,140,119,157,153,164,155,117,119,150,185,150,121,122,118,97,136,116,93,59,46,57,65,68,71,66,70,63,71,92,93,93,92,102,78,82,82,70,75,91,98,94,97,87,93,91,90,89,93,95,87,94,94,91,88,84
193,202,193,194,185,191,185,195,198,192,165,150,138,139,141,110,68,84,64,68,59,52,56,41,51,50,60,90,65,62,39,45,53,55,54,75,70,94,125,155,97,121,134,169,153,121,119,173,182,177,148,140,154,167,177,229,236,233,237,231,223,212,206,224,237,241,243,240,237,196,146,159,173,118,127,155,158,176,151,105,127,162,182,132,113,109,106,127,136,105,80,62,65,52,47,52,60,64,70,74,78,94,91,90,81,75,88,91,90,76,76,93,103,91,96,96,85,101,95,102,91,91,88,83,93,96,90,88
199,190,191,197,197,191,193,201,190,166,159,160,139,112,105,116,127,105,66,57,60,55,57,42,71,40,36,41,74,71,60,75,48,28,47,67,90,85,114,148,111,109,140,155,146,124,127,175,185,167,157,144,140,165,196,232,235,233,237,237,225,215,214,221,234,240,239,237,233,197,154,182,161,100,140,153,159,176,131,98,123,174,144,120,112,117,99,142,107,98,76,62,58,75,61,53,64,70,82,82,93,97,94,93,92,81,80,76,68,84,79,106,113,103,87,112,103,95,98,94,89,78,77,84,87,89,92,89
191,186,196,194,198,193,185,183,172,165,169,154,146,123,132,139,115,106,100,88,42,50,37,48,42,46,55,49,42,47,61,63,61,41,35,69,88,77,105,119,123,90,118,145,145,119,122,152,181,167,152,155,134,158,211,235,233,231,239,237,224,217,217,218,233,241,241,235,231,199,168,180,147,102,152,160,171,154,117,98,130,170,133,117,112,106,98,115,114,80,73,70,63,63,72,94,93,73,63,65,70,83,82,93,105,115,95,83,79,78,94,100,90,94,97,101,100,102,114,102,86,88,80,82,80,87,86,93
197,201,196,196,199,203,200,185,177,160,141,138,136,146,135,143,134,102,53,46,85,93,42,65,31,41,91,97,74,56,42,31,56,53,42,65,78,80,91,101,119,95,108,125,132,123,113,127,146,145,143,149,133,167,218,230,234,238,241,240,233,223,218,223,238,240,239,233,232,204,173,174,120,117,158,144,151,148,104,100,146,132,116,110,101,92,115,100,97,93,82,61,67,89,73,56,55,61,58,69,66,69,65,83,80,72,88,115,108,96,84,97,80,86,96,99,99,101,101,105,104,98,83,89,80,86,87,86
208,208,202,200,203,197,183,193,170,134,136,156,152,156,157,135,100,62,42,42,41,43,66,97,88,98,72,64,66,63,61,58,46,50,46,43,64,91,78,86,111,103,81,103,124,134,110,116,153,153,148,149,143,193,223,228,236,241,240,238,230,221,217,229,240,240,239,234,232,214,170,150,110,115,139,143,154,129,98,93,128,109,114,116,91,122,132,90,75,100,80,86,76,63,64,65,72,62,65,76,75,75,77,81,86,90,105,100,112,113,86,96,95,90,90,97,84,87,96,103,88,94,91,90,90,81,88,87
199,198,204,203,192,182,180,184,152,157,177,168,160,168,159,133,84,64,65,65,71,68,68,59,41,58,79,78,77,67,62,54,50,40,43,38,66,81,84,85,111,124,76,95,126,129,106,105,150,167,154,149,152,197,227,230,240,241,242,241,232,218,224,235,239,241,241,234,235,215,172,147,99,116,152,152,142,108,94,101,121,103,123,102,89,142,107,77,81,86,76,86,70,76,77,63,66,68,66,70,65,69,74,80,102,79,86,87,81,83,81,89,99,92,90,106,105,105,104,96,99,103,96,85,93,88,86,84
214,213,208,210,204,199,191,166,187,200,184,171,153,157,141,102,87,62,67,45,45,57,49,44,53,43,50,55,63,56,55,39,49,57,66,40,56,80,94,81,103,115,89,86,107,130,97,93,147,158,148,151,167,214,233,238,242,242,242,241,234,228,225,238,241,241,240,236,235,229,191,156,95,133,164,170,132,100,91,106,106,100,131,99,109,136,90,62,84,76,81,83,84,70,79,76,77,78,59,65,67,88,90,69,78,87,85,91,87,84,83,106,109,104,105,89,97,96,101,96,93,102,93,85,90,96,105,100
212,212,214,210,201,201,184,203,204,193,187,165,178,171,148,83,71,54,72,58,58,60,53,48,49,54,69,79,64,66,57,52,44,51,47,50,69,81,89,75,83,94,100,83,110,139,109,93,126,152,144,162,202,232,239,240,244,244,243,242,234,229,232,241,241,240,239,237,240,239,208,139,95,141,166,150,112,83,105,133,108,122,120,87,123,107,69,98,95,84,96,89,87,73,75,65,88,84,82,98,106,88,71,77,81,85,85,95,91,83,79,83,90,89,103,101,87,91,97,86,90,108,107,103,106,99,100,110
214,212,210,206,205,210,198,201,203,205,199,181,190,197,135,90,75,60,54,52,55,69,71,42,37,47,53,60,98,108,101,91,89,75,57,49,60,75,96,105,69,87,95,78,115,139,120,101,124,148,159,188,221,239,238,241,242,242,244,242,238,231,235,238,237,240,241,241,243,240,220,133,137,159,163,151,105,86,138,118,107,141,104,100,113,80,73,108,80,64,81,90,88,77,73,67,70,91,87,69,68,80,86,90,89,97,92,81,90,77,88,82,78,85,83,91,91,96,104,102,104,100,95,106,112,105,99,99
205,210,213,213,212,202,198,206,206,209,203,184,195,175,130,101,108,82,80,106,106,108,112,99,102,100,115,147,137,122,100,46,29,39,59,59,59,71,80,121,67,75,94,72,85,108,110,89,132,158,186,219,234,239,240,242,240,241,242,241,236,229,234,235,235,240,241,244,242,240,225,186,179,167,154,138,97,103,152,111,121,112,88,126,97,59,107,94,72,82,75,74,88,81,81,73,71,63,74,87,73,73,84,92,85,85,80,86,79,77,92,78,93,106,91,100,97,90,92,88,95,98,103,101,111,103,107,110
212,216,211,211,208,207,210,210,213,217,213,197,192,172,152,147,111,72,60,53,43,51,64,78,92,99,124,92,93,101,96,92,87,93,107,88,72,73,69,89,84,60,89,69,76,100,113,127,160,197,225,238,239,239,240,241,239,239,239,238,235,234,234,236,236,239,240,240,242,241,235,215,187,168,149,135,97,98,126,106,114,91,95,104,73,90,109,85,83,93,83,75,77,65,78,79,75,73,66,66,85,101,86,97,96,100,101,88,94,83,84,88,97,103,82,85,98,103,100,81,97,104,106,104,101,110,97,114
212,211,212,214,214,216,216,214,215,215,213,209,189,145,108,135,128,123,117,111,105,114,101,92,109,134,115,128,140,115,110,76,43,46,48,73,74,84,70,71,91,67,88,106,131,167,180,198,221,238,241,241,242,243,244,242,240,240,236,235,232,232,236,238,239,238,238,240,240,239,238,237,223,193,161,144,108,115,128,108,115,86,101,97,84,99,81,73,101,79,108,126,112,99,78,70,67,71,77,77,78,83,101,107,98,99,89,85,89,88,92,91,86,79,87,92,98,94,101,99,93,109,110,107,105,104,105,106
214,215,217,215,215,219,213,215,217,217,216,207,182,159,140,107,112,79,95,54,69,88,130,152,153,161,148,157,143,116,79,68,87,76,89,90,82,66,76,74,75,86,158,190,214,225,230,235,241,241,241,243,244,244,242,237,238,237,237,236,232,235,237,238,241,240,242,243,244,243,243,242,240,236,219,188,146,136,127,115,103,91,121,98,93,95,71,76,76,87,86,81,76,85,120,110,85,78,67,79,86,93,103,109,127,102,100,102,90,96,86,83,90,87,84,85,89,81,95,87,91,98,113,107,98,109,109,110
215,212,216,214,219,216,216,218,218,219,219,212,184,157,138,117,129,96,78,52,68,108,151,156,161,159,153,152,151,149,129,91,66,64,64,71,64,87,82,84,92,142,205,224,228,230,235,238,241,240,242,245,246,243,241,237,236,238,235,236,235,233,236,239,240,240,244,244,246,245,243,242,241,242,243,238,218,184,150,117,106,89,100,84,105,97,101,88,87,84,89,88,87,87,74,90,120,94,97,120,118,110,103,100,93,91,124,118,110,119,103,89,90,99,98,95,91,86,88,89,90,93,106,110,106,112,110,112
211,213,219,219,219,218,217,220,223,221,219,215,191,165,120,149,122,100,77,75,107,134,155,158,158,160,155,144,138,150,126,94,54,52,63,75,75,71,72,84,116,188,219,224,224,226,231,233,238,239,239,241,244,242,239,235,237,239,238,235,235,235,240,239,242,243,243,245,246,246,246,245,244,243,245,245,244,242,220,156,115,102,108,95,92,91,98,90,93,90,78,76,79,79,75,91,100,116,109,103,105,107,115,127,124,130,129,112,113,97,95,89,92,92,86,81,84,94,82,92,95,97,106,119,110,115,117,108
217,220,217,218,218,217,219,224,225,220,219,213,187,162,131,155,111,83,75,65,105,129,137,161,155,133,151,164,150,135,114,61,45,58,57,69,74,77,87,117,153,212,222,227,227,222,225,230,229,232,234,235,239,237,236,234,237,238,236,234,236,240,238,239,242,243,243,244,243,240,239,239,235,232,233,238,238,241,243,222,153,130,111,107,101,98,99,102,97,88,84,84,86,85,95,78,83,87,90,115,98,103,108,99,100,90,102,110,125,130,121,98,83,93,90,79,84,89,92,89,97,101,101,113,117,107,116,114
222,219,216,215,217,220,221,222,225,222,218,206,198,165,155,143,112,99,94,131,122,141,171,171,178,170,160,153,149,143,126,90,58,73,90,88,98,89,97,134,188,227,235,236,230,222,219,226,229,227,224,220,228,228,231,235,236,238,234,233,232,237,235,237,239,240,242,240,235,224,224,222,225,228,227,231,235,234,241,244,214,156,109,107,104,95,97,93,97,104,87,100,103,94,91,86,84,82,81,92,98,105,97,102,106,107,107,121,114,90,108,144,127,112,87,81,94,84,95,88,104,103,98,114,127,113,112,119
216,210,215,214,218,221,221,223,223,225,219,211,210,156,145,131,102,90,111,110,140,148,162,175,151,157,172,172,160,151,150,133,88,86,66,74,74,78,101,148,210,237,243,240,232,215,184,183,197,210,223,222,218,219,222,223,227,232,230,230,228,235,233,229,229,229,229,221,219,222,225,229,230,231,229,232,239,240,239,243,243,208,155,122,99,101,97,104,91,91,91,107,89,111,108,70,82,89,92,107,101,113,113,108,109,109,109,100,102,113,120,107,106,109,100,86,86,93,102,100,95,106,113,114,131,124,114,123
205,210,209,216,219,217,222,222,223,225,222,214,193,157,143,134,115,101,84,85,105,129,169,152,149,162,144,160,158,175,137,100,77,67,58,79,70,79,115,165,226,243,246,242,239,232,213,166,115,103,138,219,229,225,224,222,222,222,223,221,222,228,222,221,220,223,226,230,233,233,206,169,154,169,213,231,236,241,241,240,245,228,184,130,109,107,102,107,104,94,95,100,112,119,116,121,110,106,93,91,98,103,99,104,103,105,105,107,109,100,89,96,117,107,88,89,97,97,107,111,101,109,112,110,123,129,123,123
207,212,216,219,215,218,222,223,221,225,222,219,192,173,144,111,111,120,128,94,109,156,161,151,152,165,175,180,183,158,140,99,91,93,97,61,90,96,121,180,229,243,245,243,241,236,238,238,217,159,94,123,222,230,227,225,223,220,220,213,219,219,219,222,227,234,238,239,220,138,84,129,171,183,193,229,238,246,245,245,249,240,199,145,107,103,111,108,95,97,84,80,76,86,84,127,118,109,107,113,115,114,101,105,105,108,109,110,111,109,99,100,98,110,129,99,89,109,111,110,103,108,111,115,116,129,128,127
213,214,213,214,218,222,222,221,225,224,221,219,194,162,154,134,99,132,127,104,134,155,154,158,181,169,181,169,151,141,142,153,118,96,92,79,83,73,115,182,227,242,245,243,240,239,239,232,235,234,205,122,130,224,230,232,232,227,223,215,220,222,228,232,236,235,238,223,125,153,191,221,229,232,235,239,243,247,246,248,252,244,220,143,115,107,125,113,88,72,92,85,94,101,97,75,90,119,76,93,114,125,111,119,131,127,119,113,120,115,107,107,108,100,91,118,102,93,106,104,110,109,118,116,125,134,134,128
210,210,213,211,217,222,223,224,221,222,219,221,197,183,175,123,80,111,109,106,163,151,156,161,159,182,158,157,167,174,157,142,102,56,58,56,60,78,124,186,224,239,244,244,241,239,241,240,239,237,236,221,136,156,223,228,237,236,234,227,229,228,235,237,237,237,225,158,186,228,234,236,238,240,240,242,245,249,247,246,250,246,212,136,116,121,93,85,128,106,87,93,96,95,108,110,93,83,119,95,93,108,122,111,107,118,132,139,129,115,112,110,101,103,88,86,105,101,99,107,125,112,116,114,125,137,135,127
207,206,203,210,218,222,223,223,223,220,218,218,191,195,160,134,127,122,93,141,138,139,155,175,180,179,179,161,176,163,141,117,117,126,75,66,91,105,114,193,224,238,244,241,238,237,237,235,233,229,238,242,234,176,197,228,238,240,236,236,238,236,238,237,235,228,198,221,236,238,241,242,243,242,244,247,248,249,247,247,249,243,209,146,111,90,127,112,71,95,120,82,74,75,99,87,105,128,121,138,97,102,117,115,119,120,120,124,128,136,142,129,112,95,99,100,101,99,102,106,115,121,111,113,127,128,137,130
205,206,206,216,219,220,219,218,219,219,217,215,181,197,163,139,134,84,114,149,157,163,171,162,160,172,174,168,158,158,145,153,137,120,96,124,71,52,93,171,222,237,240,239,238,235,232,232,231,236,239,239,239,235,203,210,225,232,231,233,236,236,232,228,224,225,235,240,240,243,244,244,246,247,248,249,248,247,247,249,248,239,206,146,114,112,91,102,131,92,75,120,104,110,95,91,95,66,75,142,130,123,118,125,120,127,127,119,133,136,140,127,122,131,128,115,103,104,122,112,114,123,116,116,125,126,135,140
206,208,212,213,220,215,213,219,219,217,215,209,198,189,163,119,131,117,146,134,143,164,175,137,153,166,171,167,165,162,160,124,123,135,131,90,115,96,103,141,198,233,240,236,236,236,233,233,234,237,238,239,240,239,236,201,207,221,227,231,235,234,226,219,224,238,241,244,241,241,243,245,246,248,248,249,248,249,251,250,243,227,191,148,112,106,90,82,108,102,122,94,107,67,109,117,88,105,121,95,128,138,130,140,132,134,133,129,126,130,132,130,117,104,98,106,119,116,109,117,113,120,126,120,127,128,128,138
208,205,208,215,211,215,216,215,219,217,213,211,209,194,180,133,109,106,167,125,140,163,165,168,169,165,186,185,178,169,158,146,155,147,138,138,88,54,80,147,163,214,238,239,239,240,240,238,239,241,240,242,243,243,244,233,193,213,223,225,224,223,217,223,235,238,238,240,241,242,245,247,248,249,249,250,251,252,251,248,236,222,176,133,107,93,106,95,107,74,87,125,96,91,73,87,122,128,95,141,136,116,145,152,153,152,146,133,139,134,135,136,134,124,119,114,110,97,100,117,129,125,125,124,128,134,135,136
200,200,209,208,210,214,207,211,213,210,211,209,208,197,190,171,105,137,174,139,161,145,129,167,152,184,180,176,180,172,156,163,151,131,151,119,56,100,102,131,175,208,234,240,242,243,243,244,243,244,244,243,242,242,242,239,220,223,225,228,225,225,226,237,242,239,241,240,240,242,242,245,244,246,244,248,250,251,251,244,230,202,166,124,93,109,111,76,87,122,72,80,153,151,109,82,138,144,148,89,133,147,132,142,140,152,150,154,153,155,150,141,133,126,112,109,108,103,106,110,113,120,138,126,125,136,137,139
198,197,208,205,208,207,209,212,207,200,202,207,207,212,199,158,122,169,156,150,162,139,143,164,166,195,195,187,173,153,160,176,139,139,145,108,149,99,140,134,138,194,223,236,241,243,244,244,244,242,243,242,242,242,241,239,229,231,233,234,235,232,235,242,240,241,238,238,238,242,241,242,244,244,245,250,252,252,250,238,213,174,140,108,92,109,98,124,82,82,116,96,66,147,139,153,156,154,130,140,104,157,149,149,145,153,163,155,149,155,146,135,135,132,119,111,111,108,109,117,119,115,125,139,139,129,134,134
187,200,203,202,207,206,209,209,201,186,203,210,207,209,187,158,148,167,146,152,155,153,143,177,194,190,190,186,174,147,168,168,131,148,159,175,108,142,106,104,128,178,209,232,240,243,244,244,246,245,245,245,245,247,247,247,239,236,241,242,241,241,241,245,245,243,241,240,241,239,237,241,244,246,249,251,250,249,244,232,210,156,107,150,95,100,87,87,108,153,96,90,112,136,156,161,140,108,124,136,132,131,154,152,150,150,163,166,163,160,156,147,128,119,118,113,118,111,115,118,122,122,130,130,135,135,137,125
198,197,200,202,205,202,201,207,201,195,205,211,205,188,185,143,174,174,152,145,151,154,171,183,193,190,179,151,166,167,172,150,140,170,165,162,171,136,118,119,123,155,201,222,227,225,239,246,247,247,245,246,247,248,248,247,242,234,237,237,241,239,243,244,244,243,243,240,240,241,244,245,245,249,250,249,249,245,240,231,191,111,126,83,142,93,104,98,91,135,150,142,129,169,171,175,135,99,59,117,159,145,147,158,159,165,149,157,171,160,156,144,130,127,127,118,112,111,108,116,119,124,127,129,127,132,141,132
186,191,200,204,192,195,203,202,198,201,209,206,207,200,184,155,185,166,157,149,147,175,162,168,170,174,168,162,154,146,174,146,172,104,162,177,166,163,155,113,135,118,170,184,209,229,241,244,245,247,245,246,247,248,249,248,243,226,228,228,236,243,246,249,248,249,248,245,243,245,245,246,247,249,251,250,246,243,231,208,134,132,115,123,106,146,83,75,95,100,145,167,152,155,169,163,135,132,74,80,135,164,133,162,157,168,169,159,158,161,171,160,148,132,119,120,106,105,110,122,115,122,124,128,122,128,140,135
185,195,201,185,189,199,200,198,196,204,201,209,204,194,187,174,190,177,171,137,139,159,149,157,147,168,165,175,178,162,173,176,164,145,159,150,175,172,159,156,125,128,169,171,207,220,233,229,231,243,244,245,246,248,249,248,243,219,209,222,236,247,247,249,250,250,250,247,246,248,248,250,248,249,250,247,241,239,218,157,151,106,144,136,93,129,162,104,82,149,152,176,159,126,139,136,162,145,128,115,127,169,154,154,164,156,169,171,165,171,166,167,151,135,123,123,115,106,108,116,118,121,123,129,123,118,133,133
197,195,192,190,193,196,195,193,200,206,201,210,190,196,192,194,180,176,165,166,153,167,166,157,172,180,174,186,166,173,182,154,156,164,161,162,159,182,168,166,149,162,135,166,172,194,209,213,229,232,237,243,245,246,248,246,240,219,204,217,234,244,247,249,250,249,250,248,248,248,248,247,240,243,242,247,236,221,175,132,120,146,95,158,127,121,152,160,155,166,177,172,147,119,101,148,148,147,155,134,143,154,161,160,154,162,164,167,164,170,162,155,149,140,118,123,119,109,106,116,116,125,124,130,131,118,123,133
191,184,189,191,190,189,186,193,202,204,203,200,196,202,198,198,168,185,169,157,159,167,161,154,143,172,169,180,186,188,174,156,173,160,171,115,145,157,159,181,181,164,159,139,156,180,191,199,206,222,235,231,236,240,246,239,232,218,211,224,232,235,245,246,246,248,249,249,247,242,246,247,245,238,236,223,206,164,162,130,112,120,144,162,165,130,155,175,191,168,159,159,143,128,102,119,126,149,151,163,158,135,153,158,157,158,168,175,164,169,167,165,150,137,131,126,122,110,111,117,120,128,128,120,132,123,124,130
185,187,185,191,188,177,188,197,193,200,201,195,202,205,202,193,177,178,151,147,150,165,137,134,138,165,179,158,179,188,166,152,171,180,148,147,105,139,174,182,169,180,168,168,172,160,167,183,186,211,218,223,230,234,235,226,227,214,210,211,219,231,238,246,246,245,248,244,247,242,242,246,232,231,230,217,183,141,153,153,116,118,136,176,166,179,180,172,190,179,122,137,154,151,113,108,94,145,159,143,150,160,152,158,154,163,171,174,182,150,143,148,142,146,135,128,122,116,110,118,123,126,132,119,120,128,127,120
186,186,189,179,180,185,196,191,187,186,200,185,199,198,198,168,178,175,163,161,140,154,120,149,152,175,167,176,177,183,170,150,182,161,170,136,157,160,167,156,174,163,188,180,159,148,156,157,175,186,185,201,211,212,218,207,215,209,209,207,218,222,225,235,234,239,243,232,241,238,227,237,228,211,215,190,149,140,143,164,169,140,169,186,180,182,198,188,166,181,125,108,71,145,125,133,126,145,134,148,143,147,155,156,145,138,137,147,154,168,143,138,137,133,132,125,121,119,114,117,121,118,128,118,115,131,128,116
179,184,179,174,183,192,187,173,186,174,184,182,200,188,182,165,171,170,174,145,143,160,157,155,162,148,173,178,183,175,174,172,164,166,157,164,151,132,155,147,159,172,179,175,180,184,164,171,167,153,167,177,180,180,177,193,192,189,187,188,210,208,213,214,214,223,226,214,230,214,208,220,218,171,186,148,153,165,131,174,179,186,173,185,187,196,178,183,131,159,166,121,75,93,163,161,140,135,123,157,134,139,146,151,152,148,152,146,158,151,145,125,130,122,124,117,121,121,114,120,119,121,122,122,114,119,124,119
155,167,165,178,188,176,171,178,170,161,178,179,198,194,188,169,151,169,167,140,156,148,155,162,155,165,152,172,176,167,175,166,154,181,153,162,127,119,167,175,156,173,174,179,184,188,175,187,180,150,170,161,161,164,168,161,151,175,168,168,179,179,186,189,176,197,189,193,205,205,194,196,188,159,176,161,153,169,178,184,185,194,190,187,191,184,158,169,174,154,106,145,96,76,142,143,125,127,135,144,167,142,155,159,160,166,169,162,154,144,147,135,127,123,122,118,122,116,115,118,115,118,116,127,114,113,120,120
157,165,172,173,169,176,169,173,153,152,165,191,194,196,172,159,162,173,156,166,155,163,170,139,170,157,156,172,147,161,177,161,176,162,166,156,151,158,168,173,169,144,161,164,188,185,179,191,186,173,178,165,176,163,164,169,155,173,156,160,173,166,164,176,161,187,161,179,180,174,172,171,172,159,167,180,171,188,194,190,197,194,186,189,171,183,125,130,164,154,122,116,123,123,91,132,144,127,140,129,161,155,150,153,160,160,153,149,154,147,143,142,119,119,118,117,119,115,116,119,113,120,119,118,118,114,118,124
158,170,158,154,172,170,176,158,148,171,185,183,191,182,169,161,179,167,164,152,171,167,160,157,162,160,146,157,140,169,169,172,154,174,174,163,151,169,180,150,150,151,127,130,173,181,175,188,190,184,186,177,186,172,179,179,178,177,171,167,166,173,169,180,177,180,173,165,175,169,167,158,179,179,183,192,194,193,197,191,190,191,182,146,176,147,147,108,137,153,130,104,156,124,96,120,143,138,141,138,143,177,156,149,149,145,141,136,142,134,130,138,118,119,119,114,115,119,118,121,110,118,117,113,124,112,108,121
168,166,149,152,170,168,162,148,150,181,176,181,193,179,149,155,172,170,159,159,176,161,149,155,167,137,138,156,139,163,170,167,160,182,170,169,168,180,178,171,137,132,116,160,169,160,156,187,196,196,191,182,189,186,196,188,185,180,174,173,175,187,185,193,188,189,195,200,194,187,183,187,196,200,210,202,201,203,193,197,180,179,175,143,155,138,165,75,92,155,153,95,119,126,114,132,146,152,147,150,146,166,161,146,134,138,142,151,139,135,124,133,122,114,115,110,112,114,119,124,110,116,119,113,124,114,103,110
161,147,139,159,170,171,161,142,160,166,166,178,193,161,141,148,172,171,162,164,166,146,152,143,145,117,132,160,170,142,159,165,165,180,175,173,161,178,174,162,153,149,168,176,167,145,178,196,199,201,199,191,190,192,209,206,192,191,185,185,178,191,193,196,194,197,203,213,204,202,204,209,208,203,215,207,203,191,176,191,158,161,159,167,112,153,137,134,81,102,161,125,102,125,131,145,162,155,150,150,162,158,165,134,153,161,157,153,135,137,129,118,116,116,117,120,105,113,116,122,111,113,121,118,117,122,110,102
143,152,151,155,163,152,150,150,155,170,162,176,184,154,139,146,158,167,156,154,153,153,135,157,143,120,162,168,131,143,166,144,147,177,175,166,171,178,174,169,172,160,147,172,163,159,176,156,152,191,189,191,189,201,221,218,208,208,206,212,207,210,210,206,213,208,210,215,209,207,212,217,213,207,210,205,188,187,153,174,170,143,130,155,111,129,133,171,113,97,125,129,109,130,130,139,157,155,149,145,146,156,169,166,155,142,137,137,134,124,128,123,116,113,116,119,108,113,124,117,111,114,119,115,112,114,109,108
142,164,149,143,158,146,144,148,166,168,162,167,177,145,148,154,165,147,150,157,144,158,155,144,130,139,162,131,137,150,146,147,169,176,173,179,171,173,172,183,174,169,174,168,167,153,160,155,170,183,182,180,182,190,218,222,220,211,213,222,218,224,221,209,221,220,220,216,213,209,211,212,209,205,202,193,177,183,162,140,185,160,116,128,148,109,143,156,128,120,108,129,124,146,139,134,154,147,155,152,138,132,130,144,136,124,136,134,131,129,125,122,104,112,114,120,108,111,125,122,119,112,117,109,112,112,109,113
164,149,140,152,149,147,154,151,161,164,170,170,156,147,152,157,149,140,153,148,156,169,155,131,132,143,136,121,140,149,122,149,166,173,178,173,177,179,173,183,179,181,181,175,176,159,171,158,160,176,173,177,181,192,212,213,206,209,208,214,224,225,222,211,220,218,219,212,210,203,205,206,204,188,190,175,149,150,176,138,171,145,126,111,139,128,117,163,147,92,115,148,139,141,144,142,143,142,140,161,158,152,134,139,138,126,121,114,119,128,118,119,107,110,108,125,111,106,113,118,126,116,114,111,108,112,114,110
149,137,142,139,143,143,154,144,161,166,171,160,151,156,154,151,151,143,155,140,158,164,140,113,126,141,140,107,124,137,125,146,163,168,176,175,172,178,181,178,180,182,182,177,184,176,169,174,162,166,174,175,168,180,191,205,209,213,204,207,217,219,209,209,211,213,211,205,205,200,194,188,183,172,164,160,133,143,157,164,161,122,155,121,141,133,126,154,152,123,133,146,153,144,143,135,123,154,136,152,149,149,130,131,134,128,123,123,124,113,124,121,109,107,112,119,116,107,110,111,123,121,117,110,100,110,113,110
131,128,144,142,137,140,149,139,163,158,160,156,152,152,151,141,150,135,153,141,151,159,148,118,123,139,136,112,129,106,136,143,146,158,167,166,176,181,181,181,185,184,186,178,187,183,177,171,161,175,170,178,177,177,176,180,198,206,213,214,208,205,192,201,201,204,205,200,205,191,188,181,158,163,146,166,151,130,147,167,166,135,137,138,147,125,142,150,165,159,151,157,165,148,164,148,136,142,128,127,132,144,138,133,129,114,111,115,116,107,117,119,112,97,107,126,125,108,118,108,110,115,111,114,104,107,110,110
132,136,139,131,123,135,151,144,159,155,159,151,142,145,145,142,146,147,151,150,143,146,132,129,125,128,124,122,122,127,116,91,143,147,167,172,175,179,185,185,187,185,189,184,187,183,177,180,183,178,182,183,191,189,184,176,177,187,188,196,194,205,191,194,180,194,187,188,191,182,177,171,170,164,162,171,166,138,156,147,174,141,142,122,151,153,157,161,174,155,155,158,153,160,170,157,143,147,135,125,122,127,131,123,128,120,116,110,111,103,115,113,101,89,104,121,118,108,125,110,98,106,102,109,108,94,91,99
133,139,122,123,119,138,138,141,152,151,152,140,136,136,129,147,142,145,142,131,135,139,131,136,137,112,115,108,136,115,100,107,129,138,158,166,167,174,183,188,186,185,184,188,189,176,183,185,183,185,182,183,186,191,195,194,189,190,190,184,190,190,179,182,173,194,186,189,189,191,192,191,178,189,187,180,182,162,162,140,166,164,150,145,154,180,177,171,181,180,161,159,156,141,167,155,150,152,139,110,124,123,132,119,116,122,109,114,105,101,102,113,101,90,100,113,119,122,119,109,94,94,104,97,102,90,79,84
126,125,132,119,125,133,138,136,135,143,139,136,134,128,123,136,140,136,131,125,134,137,126,130,133,104,116,127,126,133,113,115,104,136,142,159,163,165,186,186,185,184,185,188,183,185,186,187,189,188,189,183,184,186,190,193,190,195,191,191,199,194,185,185,181,194,193,194,204,201,198,193,196,196,192,195,186,185,173,173,172,180,174,179,183,180,192,176,177,188,173,160,164,153,140,156,148,141,148,123,119,115,115,118,114,122,110,107,102,98,94,111,100,94,91,112,111,128,104,105,92,93,108,99,90,94,85,82
134,120,123,122,118,136,138,122,133,137,128,127,129,139,139,131,132,130,125,132,135,131,128,132,120,114,120,110,112,112,116,119,94,143,136,147,153,144,187,182,185,185,188,185,188,187,188,190,189,188,191,188,188,189,189,187,189,190,189,190,192,193,191,195,192,194,196,196,201,200,195,197,198,197,196,193,186,181,177,180,186,190,190,189,186,189,191,190,178,180,184,171,167,160,151,139,149,130,147,115,101,97,93,110,96,99,99,99,101,92,94,102,95,102,93,107,105,121,105,93,95,100,100,101,94,90,92,84
112,124,119,112,124,129,120,129,136,131,127,122,133,141,138,133,135,134,117,127,140,133,119,129,117,118,109,112,120,113,100,132,104,141,125,111,155,174,177,191,194,189,190,189,189,191,186,189,187,190,193,190,192,193,191,190,191,194,190,190,188,187,189,193,195,195,196,196,199,198,197,198,198,198,197,194,192,189,192,190,191,191,191,189,191,191,197,194,185,179,186,168,157,155,150,128,129,139,128,117,102,91,91,101,94,80,88,98,104,89,84,91,95,101,99,110,96,114,114,86,95,93,86,89,97,90,93,93
109,118,112,113,128,128,120,137,130,123,121,117,130,137,137,126,127,127,120,120,138,131,116,112,120,114,118,112,109,115,98,118,142,138,127,102,158,139,175,193,196,192,187,191,192,188,190,191,187,191,193,192,193,195,192,193,192,194,194,194,197,187,188,195,196,196,196,196,194,196,196,199,199,197,198,195,192,193,192,190,194,196,192,196,195,192,200,196,191,182,177,154,149,158,133,131,123,126,116,95,86,87,81,88,90,73,84,94,113,93,78,95,95,97,91,94,94,113,109,93,99,88,79,83,90,85,83,92
