42,40,40,48,55,45,64,54,71,62,38,53,61,39,65,80,80,89,54,65,78,64,55,102,52,74,69,94,111,112,92,155,132,124,88,115,143,117,81,77,66,91,62,90,83,131,100,115,125,122,163,112,133,120,88,146,137,90,88,162,139,103,136,129,89,98,136,149,100,172,117,164,160,131,159,94,129,141,151,148,144,171,132,123,135,124,107,110,111,90,128,108,135,166,123,124,112,152,164,146,151,116,143,104,103,104,112,79,135,113,125,127,150,114,95,123,91,100,113,95,109,118,105,105,61,58,70,79
41,42,44,43,36,42,48,71,62,64,63,109,57,42,48,89,60,55,72,87,66,77,67,118,89,89,124,104,141,131,109,123,145,102,109,114,104,84,116,114,106,125,97,95,95,91,136,145,101,109,139,99,108,114,84,96,80,87,83,118,112,113,110,106,117,83,130,164,152,166,142,157,145,104,138,119,116,98,93,106,98,82,84,95,124,114,109,100,82,113,99,133,142,184,176,150,165,130,87,132,131,118,100,115,137,141,139,144,118,102,126,125,116,112,91,96,81,112,99,104,101,94,107,87,81,70,70,59
30,47,48,58,45,52,68,73,49,65,70,59,71,82,66,54,60,68,63,99,96,77,88,84,102,60,92,95,125,132,109,110,153,143,95,113,115,109,96,123,113,133,79,109,119,160,126,141,130,75,55,71,67,97,83,101,79,127,128,88,72,57,68,92,96,102,58,81,81,93,97,115,114,109,96,78,98,119,119,77,91,90,103,94,71,115,91,99,114,150,139,158,148,173,175,157,141,125,128,106,145,117,113,150,129,100,130,94,108,126,128,97,122,108,95,103,91,109,99,116,118,83,115,99,103,80,64,62
23,35,48,50,71,81,74,64,60,76,49,55,88,86,89,73,60,90,119,101,117,69,75,113,92,81,80,75,102,114,97,96,102,121,108,111,122,132,108,98,126,77,73,81,91,117,130,102,86,64,62,65,86,87,104,83,54,56,64,47,58,82,76,65,53,56,94,92,146,78,84,82,123,123,86,118,113,93,93,88,103,98,106,127,113,120,105,122,136,116,160,152,167,164,133,165,148,143,102,90,104,123,118,89,103,142,138,77,90,111,122,102,96,102,136,118,117,100,105,119,104,78,74,74,76,73,69,61
26,33,26,38,50,86,61,61,61,85,88,70,77,90,83,86,59,63,106,68,78,105,112,130,94,80,113,93,94,122,98,173,153,137,137,127,124,105,84,79,73,71,93,48,49,87,89,55,68,59,86,81,105,90,70,71,55,56,83,49,69,73,51,45,43,59,54,96,105,116,134,147,172,181,124,173,159,120,133,119,132,112,120,134,109,152,146,157,148,137,158,183,160,166,164,168,170,129,130,96,79,74,91,66,142,143,109,100,129,105,129,95,117,117,95,66,100,130,124,119,99,94,87,103,78,60,58,74
35,29,33,41,54,46,91,72,73,85,78,55,75,74,86,85,85,91,85,103,69,80,90,87,74,76,62,84,132,116,81,131,137,131,114,113,86,105,120,105,104,74,127,89,72,83,67,104,102,136,117,136,121,68,63,106,103,76,111,122,118,61,105,126,83,91,88,154,187,164,203,198,193,175,190,140,124,101,88,102,146,136,179,163,180,168,168,169,133,159,140,150,123,135,128,130,133,110,124,107,80,102,106,101,98,101,88,103,106,135,109,131,121,97,86,79,86,84,108,98,98,68,68,68,90,79,80,72
33,31,34,39,39,70,65,77,54,94,94,80,71,87,78,66,95,111,95,91,117,86,102,59,47,75,55,58,66,64,114,123,115,109,115,136,136,148,137,145,113,103,112,77,86,76,84,54,111,144,132,114,115,148,112,122,151,127,130,116,163,86,104,150,160,169,168,188,202,198,197,193,156,161,131,112,119,72,95,161,128,146,164,138,159,150,120,112,98,125,160,125,121,86,103,109,95,96,97,89,69,122,76,101,103,122,77,88,113,53,73,84,113,130,140,130,106,124,139,108,114,97,107,120,95,69,82,59
37,39,52,42,54,58,74,65,63,75,97,87,63,63,58,66,78,74,82,69,77,90,76,63,63,75,92,78,66,103,119,73,68,92,95,126,97,94,116,99,78,69,106,110,92,130,63,51,68,79,98,126,158,125,145,158,176,175,187,166,103,61,103,163,161,142,172,181,173,175,183,158,118,82,77,85,52,58,98,107,95,87,61,73,87,76,63,88,67,70,87,68,64,71,67,83,67,63,68,101,54,59,55,70,102,77,101,68,76,92,92,79,68,114,125,118,128,127,108,118,102,103,126,119,88,56,65,62
39,44,45,49,58,54,97,58,77,76,103,109,100,82,75,70,91,112,88,61,71,82,55,53,71,65,61,70,63,70,81,79,74,73,67,86,78,74,83,58,78,74,86,97,69,69,47,63,58,46,60,61,71,96,131,114,156,141,163,158,166,141,83,112,121,121,134,165,149,154,133,102,63,50,58,57,56,77,100,90,84,86,83,79,70,66,56,63,69,55,49,55,71,45,53,45,48,46,36,60,107,90,70,66,70,69,54,61,99,98,78,84,108,109,123,123,108,113,105,99,103,105,87,81,85,81,64,95
29,38,44,46,68,85,65,93,68,59,65,87,100,106,91,66,88,109,82,79,61,60,69,47,59,83,84,59,62,43,41,42,56,49,46,49,67,53,50,44,38,43,37,27,39,52,47,33,32,43,36,46,61,70,118,144,135,128,100,83,133,102,95,46,58,118,107,109,81,72,77,63,49,48,56,52,61,57,67,67,57,49,41,44,60,60,66,64,66,51,44,49,55,41,58,49,53,56,59,67,59,50,76,89,50,63,80,75,85,84,105,109,113,105,112,89,84,95,99,122,106,76,63,78,81,75,80,86
27,66,49,39,44,64,65,67,88,91,69,88,78,75,71,112,108,63,57,84,123,82,65,69,65,84,56,45,47,59,49,38,49,46,45,39,40,41,45,38,45,42,46,40,38,44,50,43,43,40,38,40,40,48,64,68,74,89,105,55,63,74,55,48,82,132,88,67,44,45,38,35,44,45,51,51,50,54,67,62,58,45,48,44,49,39,38,45,57,50,50,58,53,49,56,54,44,44,64,39,49,47,43,50,72,110,95,126,133,146,118,87,104,115,104,100,104,129,140,147,134,103,86,90,55,70,82,99
36,60,71,46,36,68,44,65,67,92,100,115,90,61,90,98,94,78,75,73,61,61,52,62,75,57,67,56,53,52,48,51,52,46,48,36,45,50,45,37,40,46,44,43,45,48,51,42,44,44,41,49,54,45,59,56,50,56,81,63,45,60,54,37,37,38,45,43,54,64,37,28,32,35,44,55,63,60,57,68,47,37,40,32,31,29,27,27,47,46,31,35,58,56,64,53,48,49,44,48,51,51,63,60,71,80,75,97,100,111,89,64,72,113,132,143,144,122,128,125,109,101,85,119,110,93,76,52
32,40,48,50,51,67,64,72,96,84,82,74,84,82,62,101,104,85,97,107,114,83,58,74,83,58,78,85,53,58,50,50,61,58,59,51,44,53,44,47,48,36,37,38,40,30,34,35,41,50,41,48,57,48,45,42,49,49,43,47,53,78,89,69,73,81,55,54,54,48,30,33,56,82,121,124,87,50,76,59,24,18,25,21,17,15,17,23,51,142,29,32,59,78,55,50,54,59,54,53,58,67,69,68,89,127,137,145,132,115,91,91,103,133,128,93,89,105,112,106,98,99,94,81,94,99,90,59
48,70,62,57,64,70,74,82,83,108,57,50,69,79,82,109,97,110,88,64,71,88,73,83,74,60,54,55,67,54,60,61,70,52,48,36,47,33,60,73,19,18,19,19,26,20,21,26,40,88,55,107,68,43,36,38,45,39,41,49,59,53,87,91,77,62,66,66,48,48,54,79,86,84,107,88,47,50,119,35,24,23,34,62,50,15,13,16,37,157,46,51,88,102,106,65,60,68,65,64,84,89,88,119,104,98,87,116,140,114,101,119,106,88,97,121,120,122,100,90,108,112,93,95,110,107,80,57
94,47,73,66,68,80,99,66,99,93,105,81,69,95,114,122,109,99,88,82,79,60,49,52,46,72,79,53,72,51,57,68,55,71,73,53,35,39,101,25,10,13,17,32,58,24,22,27,40,124,50,73,106,76,49,30,33,32,37,43,37,41,43,51,42,48,56,47,42,62,76,78,91,109,95,47,40,50,125,31,17,19,24,43,34,17,18,19,42,161,59,72,105,108,134,108,87,83,85,92,89,97,108,108,112,106,134,126,94,94,98,110,122,126,126,126,121,75,86,100,118,122,108,110,62,69,83,106
51,57,76,97,50,57,61,94,91,81,87,87,90,107,114,124,121,101,104,114,98,94,94,79,72,90,66,59,39,48,55,68,80,76,61,66,94,44,115,24,9,13,23,37,46,24,24,19,39,137,36,47,80,105,91,47,29,24,36,37,42,30,39,36,33,52,39,36,45,72,62,80,112,80,48,30,23,38,82,59,21,14,7,9,14,15,17,24,53,165,35,58,109,139,142,114,101,90,88,98,103,100,131,111,113,99,122,133,144,138,127,124,116,95,88,74,87,72,84,89,106,97,92,92,96,81,50,43
35,55,54,81,65,57,87,63,56,69,90,100,99,97,94,85,104,120,118,108,106,91,110,104,103,87,120,66,76,60,75,98,96,118,105,67,52,40,76,51,7,7,10,13,11,10,17,19,45,117,25,28,37,87,109,73,44,41,23,29,27,39,51,63,38,44,41,32,35,50,54,81,116,63,36,29,23,23,41,99,15,9,6,10,11,16,21,40,114,80,35,90,106,129,149,138,125,111,115,103,94,103,119,126,113,100,135,142,122,83,76,81,106,112,109,111,100,122,92,106,132,106,77,82,77,95,76,68
61,70,50,61,68,77,68,73,88,56,73,75,94,109,96,108,124,113,112,115,116,122,104,104,119,128,97,87,106,87,106,118,138,114,110,91,33,36,43,97,8,4,6,8,12,9,16,25,97,45,24,25,61,60,109,82,49,28,21,23,23,30,36,44,35,37,31,33,41,55,77,99,75,51,60,48,54,30,27,55,75,12,8,12,12,12,31,98,98,36,65,77,130,160,146,126,115,93,99,102,117,118,130,102,95,117,119,114,90,100,118,102,97,110,106,98,87,105,101,128,104,63,47,91,90,79,64,59
48,49,55,45,53,62,69,85,64,61,56,89,105,103,94,112,118,124,92,86,96,106,108,112,135,119,127,123,94,101,117,121,137,140,124,93,47,36,34,45,66,8,3,7,10,12,27,55,61,26,25,29,36,70,74,88,53,21,18,21,22,34,45,65,49,27,34,37,40,98,128,106,53,59,89,60,57,38,23,22,33,38,26,23,25,48,97,64,49,108,71,130,136,151,123,105,104,85,98,105,105,129,123,126,138,107,130,133,111,123,129,120,113,111,128,124,127,115,122,117,86,78,113,116,112,114,91,76
57,43,63,68,66,59,67,81,62,78,80,86,106,106,96,70,65,96,117,99,94,97,99,111,127,140,120,113,133,115,96,120,126,145,116,86,63,50,40,28,35,41,15,17,24,46,38,34,24,23,23,31,55,56,58,111,103,50,24,30,40,21,34,49,32,35,75,63,40,76,111,101,79,44,89,62,48,36,28,29,28,23,22,24,39,51,39,90,140,83,124,119,140,143,106,79,81,80,78,129,114,103,106,126,148,122,119,133,140,139,126,103,120,128,116,143,158,145,105,96,98,119,70,74,90,79,51,60
61,32,49,67,47,62,77,78,74,75,90,117,115,113,97,67,72,105,73,76,97,119,91,109,109,102,130,112,111,83,126,100,131,128,122,107,86,81,97,71,28,27,31,30,29,23,23,24,23,32,77,74,76,51,68,130,122,82,22,37,37,22,26,33,30,39,67,97,60,84,76,44,39,85,116,141,108,109,96,83,60,56,58,88,118,115,95,85,96,141,127,146,147,121,96,80,70,65,107,111,105,90,123,116,100,138,140,128,134,155,162,134,146,136,128,140,134,116,109,107,97,78,86,126,110,81,52,63
61,46,38,70,74,53,69,61,95,99,71,52,85,106,96,91,113,111,104,129,114,102,116,105,124,133,129,124,92,115,115,115,98,103,117,122,98,98,80,68,83,82,67,55,53,52,69,68,79,98,124,158,179,167,157,107,41,59,23,53,50,18,44,89,45,49,53,70,110,68,53,51,59,91,125,124,113,127,99,117,118,134,108,90,69,63,102,161,142,126,146,147,90,73,77,105,89,95,119,95,86,97,124,104,105,151,155,152,138,97,104,116,124,133,127,93,95,119,131,118,112,87,89,72,82,96,81,83
28,35,67,76,80,94,95,76,78,106,105,103,103,115,104,94,73,95,95,112,129,111,78,94,114,112,122,125,121,91,103,120,86,91,91,111,116,74,92,126,89,65,75,95,114,118,105,105,112,114,141,135,120,92,62,63,39,25,24,67,51,16,38,73,55,50,55,88,123,91,83,118,53,66,115,142,142,123,120,112,89,95,97,102,112,153,151,136,138,144,124,79,94,114,95,98,103,116,94,95,107,103,89,104,141,134,131,135,120,129,141,137,129,120,132,129,130,127,102,98,97,96,89,100,106,100,87,62
51,57,62,47,81,84,79,73,61,90,102,99,77,91,94,97,96,92,92,122,119,93,83,101,104,112,89,138,107,116,120,117,120,114,127,109,96,108,94,63,85,96,120,103,109,127,128,121,109,109,132,118,120,104,78,62,58,37,48,86,59,18,32,95,61,52,59,88,117,158,100,96,95,56,85,89,88,116,116,141,143,143,118,140,172,147,162,163,125,86,79,90,110,107,86,89,101,108,91,108,96,112,127,138,92,106,112,130,131,131,107,111,137,150,153,144,123,114,131,139,147,121,117,101,71,110,92,79
49,67,55,52,81,74,74,67,92,139,131,116,102,99,95,109,107,107,90,88,84,112,105,78,103,98,120,107,126,133,109,107,116,118,110,93,78,68,67,105,114,123,139,111,103,121,125,131,127,138,122,111,93,106,99,124,72,43,65,95,58,34,56,122,70,58,61,72,68,158,114,118,103,125,105,85,90,114,102,107,91,99,114,123,103,105,79,54,59,78,100,122,110,114,115,90,113,122,98,131,141,140,94,96,104,124,143,123,116,109,99,120,130,135,134,107,96,106,106,86,114,96,79,82,100,102,88,96
34,32,54,65,81,63,52,62,60,84,79,97,89,88,89,109,94,88,72,78,94,100,112,125,117,117,123,124,92,101,127,99,127,120,127,121,98,70,44,64,90,100,111,92,109,97,94,89,92,88,90,106,106,110,120,86,49,62,121,100,44,39,65,127,72,59,46,80,74,133,153,123,82,46,68,129,168,177,187,198,202,182,178,132,103,75,46,50,75,88,112,116,107,104,108,100,115,80,85,100,87,88,136,134,128,119,120,111,108,85,101,102,134,142,137,130,109,105,130,147,155,124,109,129,114,111,98,70
44,31,50,62,73,51,90,85,110,103,106,83,75,91,123,124,107,100,137,110,96,92,96,120,126,103,111,129,113,97,112,125,110,86,95,117,117,94,79,59,65,52,60,53,67,76,70,85,92,123,119,83,59,47,44,67,72,107,122,84,52,34,57,124,80,48,48,101,88,79,150,84,47,99,195,228,236,238,242,240,243,246,246,244,237,218,173,92,83,90,105,83,113,111,101,88,123,98,98,125,95,111,104,122,133,142,134,138,159,146,113,135,149,140,133,123,129,128,118,133,119,93,67,86,106,97,92,81
40,43,31,78,90,95,76,80,77,76,70,75,81,88,64,56,78,103,120,99,97,123,120,114,84,97,100,75,101,111,126,107,114,91,96,98,108,83,79,66,60,56,76,98,112,120,115,125,128,182,221,222,203,109,34,71,92,132,136,101,36,31,91,134,97,60,60,89,96,61,91,55,42,118,226,229,233,237,240,237,236,236,233,230,215,206,190,184,163,123,81,105,137,106,101,79,85,96,87,116,116,98,124,127,130,146,140,136,142,151,145,148,140,142,136,136,141,151,138,133,124,114,127,107,77,89,85,64
43,65,55,56,80,81,87,85,111,122,82,64,84,90,114,88,85,92,106,118,96,80,110,119,98,98,90,82,77,103,106,111,108,108,66,68,60,56,52,62,103,179,200,221,238,233,233,229,225,225,220,212,227,206,90,53,114,138,105,98,28,22,55,148,84,44,38,87,112,71,58,48,39,113,225,233,228,226,229,227,224,199,167,144,114,113,105,82,66,52,74,83,103,92,101,88,97,85,81,69,95,144,125,121,127,118,127,138,119,130,143,146,139,128,128,135,145,145,127,115,126,93,87,58,93,120,80,64
46,57,70,66,70,67,55,84,105,104,105,92,68,74,77,76,103,129,116,86,88,102,105,110,103,125,123,111,80,85,108,85,104,72,89,86,87,61,62,62,78,117,194,235,242,242,241,236,233,233,234,227,220,199,103,39,99,135,115,80,28,25,47,147,56,38,29,68,113,107,36,35,45,148,228,226,221,220,217,210,201,207,220,223,230,234,225,214,174,132,111,108,109,126,89,82,125,84,81,105,116,102,129,114,117,114,119,110,107,119,128,118,141,148,131,118,103,118,115,115,125,109,95,120,122,76,76,82
57,78,78,84,74,65,82,81,75,66,78,70,96,96,102,118,107,78,95,137,120,93,85,77,92,112,127,98,101,94,87,86,111,83,91,103,70,70,82,141,157,152,124,171,220,236,239,237,233,232,229,231,228,198,91,29,73,109,139,77,33,32,51,148,62,23,30,64,97,106,65,39,65,191,225,218,216,209,214,220,226,235,239,243,243,245,243,234,197,147,117,115,97,97,112,97,85,90,85,108,96,98,109,103,115,111,118,117,130,121,122,109,105,91,116,120,107,114,109,105,104,90,102,93,98,68,94,69
49,47,49,58,66,62,53,58,71,66,67,64,93,74,60,62,68,66,82,100,102,91,87,64,106,108,105,104,111,94,56,65,59,80,102,99,75,93,146,212,230,223,197,139,125,202,231,233,230,230,231,234,220,175,66,40,79,111,130,82,33,37,60,135,48,17,27,52,107,110,82,44,72,208,222,217,200,214,224,229,236,240,246,248,248,238,219,172,128,122,93,90,67,77,79,99,100,70,104,70,96,99,94,99,116,105,122,129,106,104,109,121,135,146,148,152,151,139,122,112,109,120,115,112,106,79,80,87
63,73,76,65,69,88,81,81,70,91,116,98,107,84,87,87,74,70,99,105,105,96,94,113,111,101,96,91,118,77,64,64,68,65,53,62,54,63,115,220,237,243,234,216,182,145,207,227,228,228,230,229,225,170,69,32,53,107,88,58,34,33,50,130,64,27,36,52,86,94,81,47,112,227,221,217,218,223,228,233,240,242,244,244,229,177,167,136,151,176,196,180,126,95,113,108,100,80,97,80,59,98,115,126,116,127,128,106,110,131,134,121,120,130,138,117,124,123,122,122,123,138,128,121,106,83,96,89
79,71,66,56,69,80,76,75,78,63,85,72,79,85,84,83,109,104,92,108,111,95,89,85,107,95,78,97,87,77,67,65,70,74,91,89,118,130,119,191,242,243,238,236,228,209,193,219,226,225,228,230,216,145,63,45,67,125,102,48,33,33,57,120,64,27,33,41,75,101,75,46,123,229,219,219,221,225,229,234,237,238,236,212,166,183,196,214,232,237,233,212,159,119,99,119,108,100,80,68,75,69,94,90,97,109,107,142,140,144,136,143,136,128,124,127,129,130,134,132,105,78,93,77,81,88,107,116
48,48,61,58,93,85,80,68,74,89,108,89,92,105,62,57,65,62,76,88,76,69,82,89,93,69,52,50,65,53,74,71,86,102,92,125,210,206,180,141,227,242,238,238,234,225,216,212,222,225,227,228,224,177,39,48,71,122,88,28,36,33,47,115,73,42,20,28,74,110,87,47,119,223,217,222,224,227,232,235,235,233,215,190,196,222,232,240,245,240,231,201,139,114,120,144,131,91,88,94,109,102,94,128,151,137,104,103,117,111,114,114,128,109,104,109,114,128,134,128,101,95,91,128,112,92,69,91
55,66,57,55,53,60,78,67,74,106,105,67,82,86,77,83,112,115,110,96,95,96,129,103,76,61,65,57,59,94,106,106,124,100,84,159,231,231,220,198,181,238,237,235,230,227,223,214,218,220,223,228,226,177,37,52,95,114,55,29,34,38,61,120,86,42,18,36,59,96,79,69,120,224,222,222,224,228,231,231,227,210,196,222,233,233,245,244,246,236,196,122,106,90,110,126,143,144,131,116,101,111,93,98,120,124,152,147,124,124,102,108,126,130,149,149,147,121,125,127,120,94,90,74,122,103,69,56
53,68,82,77,75,53,60,78,88,69,62,77,107,89,105,88,107,105,100,85,109,123,84,80,69,79,93,97,106,115,115,100,113,80,73,189,241,235,225,213,181,222,236,233,231,226,223,219,212,219,221,226,221,157,31,44,89,102,54,24,24,24,63,115,71,32,17,26,59,75,75,87,120,224,226,224,224,228,229,225,210,203,226,232,240,244,248,246,226,185,170,161,160,99,131,148,148,130,147,158,132,128,134,138,130,106,136,156,145,135,130,126,146,162,155,137,125,126,142,125,117,100,111,114,109,86,69,63
64,70,61,65,76,94,80,72,70,71,71,58,62,69,85,106,101,103,96,85,81,85,81,98,81,91,124,144,113,108,101,79,66,69,86,173,239,235,228,223,214,199,235,232,230,228,224,220,214,217,220,225,222,163,26,38,125,83,41,22,31,32,56,87,57,25,21,22,52,84,96,103,130,226,224,224,225,227,226,221,203,223,235,241,243,246,245,229,172,161,209,209,192,126,119,126,119,141,141,118,127,161,165,165,123,120,139,138,149,140,134,140,131,156,157,153,151,138,119,127,124,95,103,98,88,89,88,67
56,58,70,62,65,65,66,63,69,69,75,79,85,52,59,86,91,85,97,116,102,122,119,106,126,115,110,98,118,120,120,105,113,71,80,154,239,234,234,231,216,195,225,232,229,229,223,222,216,214,216,222,219,164,28,48,117,75,36,18,29,38,58,93,54,35,27,34,60,80,100,96,96,226,225,223,223,224,225,218,220,232,238,244,244,244,238,200,183,211,230,237,223,176,134,120,127,118,136,131,117,133,134,135,133,140,155,131,128,132,137,115,131,140,140,141,124,116,138,112,79,76,99,99,103,105,84,55
71,74,76,70,58,76,76,87,94,93,74,86,107,84,70,95,105,105,95,76,93,86,94,83,118,119,113,115,107,122,140,124,115,107,93,138,232,237,232,228,225,217,207,231,229,228,222,222,222,215,219,224,214,133,30,55,108,57,35,70,32,38,85,92,63,36,27,25,49,82,87,99,110,228,225,224,221,222,223,220,226,235,236,241,242,241,226,197,213,229,239,240,233,214,151,142,144,140,131,140,139,131,148,140,133,148,135,128,121,117,135,148,129,131,137,128,115,100,90,109,134,105,98,109,97,77,84,77
72,49,52,87,75,56,48,65,78,86,85,86,82,94,70,63,89,81,89,75,72,100,92,102,134,127,102,116,110,98,123,135,100,116,149,144,230,235,232,229,227,223,209,223,230,229,227,223,224,219,218,222,215,135,31,72,95,61,41,38,33,53,90,103,71,45,31,24,34,88,103,97,128,228,227,224,221,221,219,224,232,237,239,240,242,237,214,219,228,238,244,244,236,215,154,137,146,152,162,178,177,164,159,144,126,136,135,143,154,144,132,126,126,112,127,110,115,109,119,103,104,111,100,107,73,78,104,99
59,54,66,59,67,74,54,60,77,84,56,74,84,91,86,60,73,77,75,92,114,101,94,100,116,129,143,113,123,136,93,89,113,152,204,193,225,236,232,231,227,224,213,210,229,227,228,225,226,224,218,221,215,140,29,69,91,58,40,23,24,52,85,83,50,27,29,26,41,97,101,93,154,229,228,224,222,222,222,227,232,236,238,239,239,223,222,229,239,242,245,244,236,186,129,152,163,157,122,134,153,153,141,143,164,165,152,136,131,144,150,140,137,118,105,110,122,101,102,88,85,93,92,102,106,80,94,72
67,70,89,71,69,69,75,55,59,82,60,60,63,66,80,89,72,79,78,101,132,116,104,90,104,99,107,114,108,112,101,73,97,176,218,210,209,239,235,230,225,225,215,208,226,226,227,225,227,223,219,220,214,135,25,89,90,62,29,26,31,52,67,70,64,33,26,18,34,89,98,109,159,228,227,224,221,219,226,231,234,236,237,237,233,220,229,239,244,241,245,243,226,154,153,139,139,143,159,167,165,159,149,152,154,152,143,141,130,122,126,141,153,140,143,136,135,141,139,137,125,113,110,103,104,84,60,71
64,67,83,64,55,61,68,93,88,74,74,84,86,93,75,67,74,102,108,109,133,110,104,116,104,87,76,82,97,74,68,74,77,188,234,213,182,237,234,231,227,226,222,207,217,224,225,226,224,224,223,221,213,115,41,83,89,43,14,20,26,59,83,93,77,41,35,34,30,68,96,90,170,228,226,221,222,221,228,231,234,237,234,233,222,223,232,239,243,245,247,241,221,194,193,124,117,119,129,107,145,155,177,165,160,159,153,164,153,151,141,138,141,137,130,121,104,125,143,138,120,133,135,105,80,85,66,60
65,72,74,73,63,71,73,75,94,95,105,104,93,99,97,103,105,95,121,104,106,109,107,106,104,110,111,116,95,88,62,94,119,172,234,229,182,235,236,233,228,228,225,216,214,223,224,228,226,225,224,223,213,114,40,73,90,42,14,20,36,68,110,86,81,43,30,27,21,50,81,73,165,227,225,221,220,224,230,232,234,235,232,226,223,227,236,240,244,246,245,240,207,220,209,150,102,107,130,154,131,134,152,170,153,144,162,154,160,140,125,127,133,136,129,140,128,142,122,93,102,96,95,76,59,73,87,64
57,68,69,68,72,72,78,78,78,118,114,95,91,83,80,84,95,97,107,101,96,109,115,97,124,109,84,66,73,92,84,87,108,187,243,237,205,224,233,231,228,227,227,220,215,222,223,227,228,226,225,226,211,109,61,76,100,58,16,21,30,72,92,107,75,39,35,18,15,33,82,79,171,228,222,221,223,229,231,232,230,232,230,221,224,231,236,239,244,246,245,233,220,231,229,168,114,107,115,118,114,117,136,151,150,146,143,167,155,144,139,122,125,113,108,105,99,105,122,106,96,121,111,92,84,56,76,54
73,75,82,88,75,63,59,71,85,95,94,73,72,97,113,108,101,97,95,111,116,113,106,91,66,75,74,113,106,101,85,72,126,209,245,238,225,213,236,233,231,231,227,226,215,218,222,226,227,231,230,227,209,112,39,68,50,34,14,20,27,43,65,86,72,51,35,24,26,35,70,83,168,229,224,221,224,230,233,232,231,230,225,221,226,231,237,240,243,245,244,219,228,240,234,158,91,87,126,140,139,120,128,149,145,129,137,147,163,137,123,130,136,126,137,145,130,106,117,97,73,99,100,100,65,67,54,80
67,66,72,74,67,59,49,60,93,79,76,71,96,75,84,86,88,119,90,100,100,92,85,93,107,67,103,115,107,104,77,52,152,215,244,238,231,205,237,236,232,229,228,225,216,222,222,224,228,230,229,229,213,106,42,61,55,28,19,20,41,71,86,95,94,51,25,15,16,32,57,88,180,229,225,220,226,229,231,228,228,229,222,220,227,232,237,242,243,244,242,213,232,241,238,182,138,132,138,118,132,132,130,105,135,115,136,142,158,160,153,136,132,131,133,147,131,132,113,109,103,94,78,93,73,59,46,47
69,65,66,47,64,65,58,65,69,67,77,98,95,73,72,80,105,99,121,111,108,93,95,92,79,111,133,119,97,68,61,90,186,221,244,239,232,204,237,236,233,229,228,225,222,220,221,225,229,229,227,229,210,99,73,81,58,21,21,25,43,73,123,106,118,100,38,16,16,44,70,101,186,227,224,223,228,228,229,227,227,225,219,220,229,231,237,241,243,245,229,218,229,240,233,190,139,134,155,144,130,149,130,108,107,119,134,145,137,141,147,141,143,141,129,118,115,121,100,80,98,114,85,82,76,70,78,60
95,75,76,88,85,72,66,57,70,62,71,82,73,86,69,76,76,94,99,111,106,114,102,108,130,86,112,110,87,56,52,79,193,225,242,240,232,201,223,237,233,229,229,225,223,218,222,225,226,228,228,228,207,99,84,85,60,21,25,43,61,82,128,119,105,51,42,23,22,43,81,106,198,226,221,225,226,227,229,226,227,222,217,227,231,233,238,242,244,241,198,227,240,245,230,169,75,59,68,101,160,140,148,144,147,139,122,122,134,137,98,113,149,148,146,142,126,123,134,130,108,94,93,79,69,71,78,73
84,77,81,81,89,88,67,63,68,52,62,76,68,64,76,94,61,63,84,100,129,120,109,95,121,108,109,125,93,76,51,85,211,230,245,238,234,215,199,233,230,230,228,227,228,221,219,220,223,228,229,229,209,92,78,73,38,18,18,38,61,91,157,146,124,70,44,38,40,33,52,86,199,222,220,227,229,230,226,226,225,219,220,229,229,233,235,241,242,233,207,230,243,245,226,167,97,72,69,93,113,115,116,132,136,165,153,142,146,149,141,140,141,111,97,104,114,138,112,93,90,111,89,103,88,70,82,74
62,62,54,49,64,70,55,37,38,56,80,73,80,89,92,71,75,93,125,131,123,96,87,92,94,93,93,71,53,58,69,140,224,227,244,240,235,220,196,227,230,230,228,226,224,223,216,218,220,228,230,227,204,91,79,70,49,19,12,27,63,109,147,142,120,84,64,37,24,37,63,84,200,225,221,228,231,229,224,223,222,217,224,230,230,236,236,240,238,218,220,235,237,245,229,158,95,98,112,102,112,140,127,145,149,143,125,121,133,127,133,109,116,134,135,120,101,115,98,74,78,93,86,68,75,93,83,70
52,60,49,49,44,59,64,75,77,64,75,72,74,90,85,79,79,57,73,75,92,104,98,86,101,126,86,86,61,45,60,161,237,211,241,239,232,224,204,217,233,231,229,227,223,223,214,218,218,224,228,226,199,85,69,74,40,17,14,24,57,97,116,132,124,92,50,33,24,30,60,86,199,224,223,228,229,225,221,225,221,220,228,231,234,236,237,240,234,211,225,242,242,241,229,144,89,77,84,94,72,85,123,133,111,103,89,120,136,121,132,129,125,115,111,94,81,98,128,78,74,75,82,92,85,80,82,76
87,71,78,80,79,78,74,57,59,87,69,55,59,87,92,97,74,77,82,108,149,127,126,107,105,107,51,71,62,70,77,188,242,209,238,237,233,230,209,198,232,231,228,226,225,220,214,214,218,223,229,227,201,93,69,73,46,21,22,30,62,128,156,163,107,67,59,32,33,28,51,81,200,221,225,228,227,223,222,222,220,225,230,233,236,236,236,237,211,205,230,241,245,236,225,125,73,74,78,70,82,84,129,153,161,162,143,158,135,149,153,131,136,127,133,138,128,112,91,87,77,90,77,58,73,95,97,67
77,75,76,96,97,67,59,50,46,54,61,94,58,64,64,63,81,104,103,92,74,86,97,111,95,65,59,78,85,93,72,185,238,207,232,236,234,234,209,186,224,228,225,224,224,220,218,214,217,223,227,226,198,102,69,73,43,19,27,34,74,134,192,180,97,76,44,29,43,22,43,81,199,221,229,228,224,220,221,222,221,227,230,231,236,235,236,232,199,216,237,240,243,235,224,131,67,105,98,77,74,123,142,158,144,133,113,104,116,139,126,121,115,110,130,130,108,94,95,106,108,99,80,76,87,90,81,92
98,95,90,90,85,63,72,63,60,40,36,58,47,82,83,63,98,85,65,73,52,83,106,104,79,58,63,87,87,69,83,184,237,203,220,240,239,232,217,194,203,227,226,225,223,224,220,214,216,219,229,223,200,119,86,83,41,16,23,35,63,135,182,182,126,83,41,35,49,28,38,59,202,218,230,227,224,217,220,220,225,228,227,230,234,236,236,212,204,224,238,240,242,232,206,91,84,79,77,120,99,126,132,109,125,130,147,153,121,119,130,126,109,114,107,109,92,93,110,96,83,87,89,88,80,66,70,96
117,95,106,95,90,75,58,47,52,67,40,34,48,78,83,66,53,58,65,61,85,90,65,71,82,71,83,84,61,64,66,165,233,209,186,239,239,236,226,204,204,224,226,224,224,224,220,213,216,219,226,224,202,108,83,74,34,14,20,48,73,113,184,185,139,80,57,32,34,23,39,63,207,218,230,228,223,219,218,220,226,228,229,230,234,234,230,200,219,230,237,241,240,234,177,87,60,77,77,98,131,101,76,86,123,140,133,123,144,140,141,99,105,110,109,104,100,82,64,63,83,76,80,88,85,81,84,88
63,78,75,96,105,88,45,42,61,54,45,44,41,66,72,66,64,50,68,89,92,67,63,72,61,63,57,66,59,53,63,152,235,218,169,236,240,238,230,206,200,207,226,222,225,225,221,215,217,219,224,224,193,71,112,69,30,16,27,31,73,154,169,178,121,77,48,33,49,30,46,74,209,221,229,229,223,220,219,221,226,226,226,230,231,235,213,210,222,230,236,241,239,229,154,82,69,68,82,114,109,117,141,119,122,113,104,114,115,115,92,93,104,105,96,95,75,77,86,92,80,111,94,90,100,108,97,94
71,68,75,80,78,73,92,125,90,82,58,69,49,71,66,62,63,74,66,106,100,83,78,48,43,47,49,67,68,53,65,135,240,234,199,221,239,236,233,222,209,210,225,222,223,225,226,221,216,222,226,225,187,54,62,52,17,21,49,35,70,120,152,180,156,90,55,37,40,33,42,98,213,221,228,227,220,218,218,223,224,223,225,230,227,230,199,214,229,231,236,240,241,225,137,79,81,72,82,89,74,102,108,118,104,104,111,125,135,129,117,99,84,109,93,83,78,81,82,98,67,83,96,77,82,107,120,108
85,84,88,108,89,64,61,34,42,57,52,60,50,58,60,83,72,42,46,60,62,83,86,57,54,54,47,56,52,48,55,103,233,238,207,194,238,240,233,228,213,213,218,222,222,222,224,221,214,221,227,224,181,62,74,35,13,24,41,58,96,143,155,175,123,86,51,31,48,32,38,80,218,218,227,224,218,218,216,224,221,220,224,226,231,214,205,216,230,233,237,238,241,210,115,63,68,89,65,69,82,95,111,115,115,106,119,101,122,115,103,94,105,85,79,69,73,108,80,60,66,63,95,111,103,94,94,97
86,79,82,90,82,82,58,44,39,54,58,60,57,58,59,54,49,51,42,51,64,60,61,47,50,46,61,78,57,44,40,84,237,240,220,172,231,238,233,229,223,213,211,221,217,217,224,221,213,219,228,227,187,53,49,17,18,37,27,42,76,138,176,180,140,75,46,33,63,36,37,75,221,225,229,221,216,208,219,223,217,219,223,226,228,204,212,226,231,234,237,240,238,184,117,61,70,95,100,99,83,59,71,90,84,87,101,101,88,102,88,94,114,108,90,62,62,65,66,62,66,67,80,73,70,61,61,72
81,88,108,119,113,96,105,71,56,63,66,57,61,60,64,56,53,48,48,54,63,72,72,55,44,47,47,50,50,43,36,61,232,243,228,181,218,237,233,230,228,214,215,221,218,216,222,223,215,217,225,228,185,42,44,16,18,23,27,55,91,176,176,176,143,64,41,34,42,32,44,80,223,225,227,222,218,208,224,221,219,222,223,227,211,205,213,228,230,235,237,238,231,196,134,78,79,99,105,103,125,89,81,101,108,91,96,98,99,77,111,116,88,99,87,78,70,101,111,74,76,76,85,70,66,67,63,63
63,73,86,104,129,96,80,82,81,60,59,56,69,58,59,54,38,44,41,45,59,78,79,49,47,46,37,43,41,38,33,50,213,242,231,212,195,237,234,229,229,216,214,219,221,217,217,221,217,216,223,228,191,44,28,16,10,18,30,77,96,175,199,169,116,79,40,33,41,36,44,85,224,227,227,221,218,219,227,219,222,224,221,220,203,211,220,228,232,236,236,238,220,196,115,78,93,113,100,76,93,88,86,100,89,103,80,103,106,101,93,81,78,79,85,81,100,112,77,71,67,80,98,76,76,77,68,59
109,87,85,97,105,106,80,96,115,116,106,65,70,66,56,42,42,48,42,59,71,70,47,45,49,48,50,73,47,53,28,33,160,241,236,222,183,232,235,229,225,219,207,214,222,220,218,217,218,214,221,227,199,41,21,13,9,18,23,38,96,157,200,179,174,112,46,30,38,32,46,108,226,229,223,220,216,223,225,222,225,223,223,208,209,209,227,230,240,240,241,239,201,204,90,63,71,104,79,67,94,101,104,97,95,79,86,81,69,66,81,81,69,69,87,98,83,97,77,67,69,87,66,66,71,78,71,69
93,80,92,89,94,113,123,97,72,83,62,82,91,84,83,61,59,57,41,76,66,51,33,35,46,61,57,43,51,58,30,37,101,239,241,228,181,212,232,230,225,221,211,212,225,222,222,218,219,212,218,225,209,76,15,15,22,15,15,35,89,151,182,198,196,157,68,28,25,31,41,125,224,227,221,218,215,225,224,221,223,221,224,203,212,219,227,233,238,240,243,234,213,198,89,74,67,64,93,81,109,88,89,68,67,88,71,60,70,80,89,71,77,73,78,80,68,93,94,82,69,96,93,79,67,79,77,78
74,70,80,87,108,114,113,102,93,120,108,87,85,59,69,62,50,45,55,61,50,52,59,32,42,79,61,63,56,47,25,24,91,219,242,230,199,187,230,228,223,223,213,214,221,221,221,220,221,208,216,225,214,101,23,14,31,14,20,44,79,144,174,205,199,163,72,42,33,34,47,159,222,225,220,218,219,227,224,222,220,222,213,203,216,225,228,234,240,242,240,206,224,164,65,70,65,71,115,124,105,97,98,102,89,76,91,79,77,57,67,92,85,91,73,83,85,86,82,81,72,70,63,74,60,67,66,62
70,86,82,81,83,102,83,74,67,81,101,84,80,72,63,67,63,59,49,49,45,35,31,39,52,41,45,74,73,49,32,22,68,185,240,232,213,186,228,226,221,220,213,209,220,219,220,221,223,211,215,225,217,131,39,23,33,35,44,66,121,173,197,179,170,162,80,46,20,35,48,196,221,225,218,216,221,227,223,222,219,224,200,208,221,223,229,238,237,242,236,209,217,126,52,59,89,86,75,100,133,106,127,136,119,98,110,85,89,64,82,104,76,89,82,80,105,90,80,65,84,81,74,66,74,75,58,60
80,94,105,88,86,79,103,71,90,90,82,97,81,86,84,89,50,51,41,37,40,36,55,48,55,36,39,43,47,35,34,40,89,153,235,231,223,186,216,227,220,219,217,206,214,218,216,218,220,219,212,224,222,158,42,19,34,42,24,38,87,156,184,163,145,130,98,65,33,46,76,219,223,224,216,211,221,222,221,220,219,216,205,221,223,221,231,239,239,242,227,214,205,70,56,61,59,60,49,82,102,93,105,82,97,106,81,81,63,85,91,73,63,65,77,91,97,86,97,77,92,74,63,67,64,61,59,63
69,82,78,83,99,85,92,102,89,93,88,88,89,87,91,90,79,35,44,55,59,46,40,38,39,54,63,49,56,44,36,25,53,148,224,235,223,197,200,229,223,220,219,208,203,219,215,215,214,220,208,219,222,186,61,22,49,49,21,44,92,118,159,151,144,102,59,35,41,69,108,227,225,222,218,211,225,220,221,219,220,200,212,223,218,222,233,236,239,240,204,219,173,77,61,58,65,76,71,62,76,83,86,75,83,79,81,88,93,93,92,86,70,66,96,83,86,85,78,83,97,66,66,74,73,61,63,65
66,90,81,77,87,93,99,119,97,109,106,91,105,100,82,71,42,31,35,48,53,48,42,43,35,35,42,52,50,49,39,40,48,167,183,233,228,213,177,231,225,218,218,213,202,218,212,216,214,219,211,217,223,204,112,36,46,23,17,47,86,130,128,153,127,100,54,16,31,48,168,223,224,220,216,209,225,221,221,219,219,203,217,216,218,226,232,237,242,229,207,215,116,80,62,58,65,77,109,95,74,79,70,72,89,84,93,71,77,81,87,63,75,87,93,75,63,79,84,96,100,75,75,79,62,70,68,79
53,56,65,91,91,98,96,111,114,89,85,74,88,64,50,53,46,51,46,60,57,46,40,52,39,31,41,51,52,48,30,32,40,155,148,221,231,224,202,226,227,218,217,215,194,216,216,215,213,216,214,213,222,214,125,46,38,28,18,36,73,105,126,145,123,61,37,16,30,57,207,221,227,220,215,212,224,221,222,221,212,212,217,217,222,230,236,239,241,204,225,217,81,59,54,49,43,75,73,71,89,80,109,77,77,76,92,92,89,73,74,75,73,90,82,69,61,77,84,101,80,82,77,86,56,61,70,61
61,72,85,103,111,97,102,110,95,90,69,61,64,60,46,45,51,50,68,42,49,56,51,47,38,37,43,49,57,53,47,36,42,135,160,219,231,228,213,209,229,219,215,216,204,200,213,212,212,215,218,210,222,216,136,48,30,24,21,32,61,109,135,147,108,69,25,21,51,76,219,222,227,222,215,220,222,222,222,222,210,209,221,219,225,233,236,238,228,212,228,186,62,61,59,68,60,104,95,100,108,118,83,104,86,78,55,77,72,85,78,89,75,74,59,65,79,89,69,80,65,76,67,77,71,61,56,56
60,68,82,82,79,78,84,85,85,105,99,61,62,58,57,74,68,67,59,52,43,52,47,49,34,39,40,57,46,63,37,28,49,81,199,176,237,229,220,197,228,219,212,214,202,198,209,208,212,214,218,206,220,217,163,64,28,21,17,28,58,106,143,136,90,50,27,19,39,84,220,222,223,219,211,223,220,222,222,222,197,208,220,219,232,236,236,233,189,232,231,151,73,59,39,58,77,77,78,68,71,91,83,95,96,100,75,62,86,88,102,92,70,90,80,73,77,77,66,81,81,77,81,73,70,53,63,58
61,75,83,96,90,93,96,86,67,62,78,97,65,60,56,61,42,33,28,34,42,50,44,35,29,30,39,46,47,54,37,32,41,70,196,152,222,235,221,186,217,224,214,214,203,202,217,207,210,215,215,200,219,221,186,77,34,20,16,38,76,104,101,93,64,46,20,27,40,112,222,222,218,215,197,222,223,221,222,218,193,210,219,225,234,234,236,215,194,239,228,140,64,42,40,52,73,92,82,84,76,94,132,109,91,83,95,70,90,94,77,77,81,66,66,75,93,98,74,68,73,70,61,59,59,64,73,65
68,83,94,92,92,90,89,97,73,71,64,75,93,92,77,48,32,34,34,46,57,51,37,32,30,59,63,45,48,54,31,27,34,51,122,169,186,238,227,208,201,224,219,217,209,202,217,214,213,212,214,207,214,219,191,61,49,32,29,42,72,110,134,92,45,30,22,34,51,169,216,218,218,205,199,222,221,221,219,192,185,217,218,230,235,234,230,177,225,238,204,83,44,59,86,93,105,79,68,60,88,106,119,110,108,113,72,70,78,56,65,93,85,76,75,79,88,83,78,80,82,80,71,76,65,62,66,57
69,80,82,86,80,78,72,68,65,67,72,74,58,78,100,73,38,42,45,56,49,42,36,33,54,48,60,89,72,66,59,67,71,70,81,162,165,236,232,217,196,224,217,218,210,188,211,217,215,217,215,213,210,214,186,68,53,27,26,40,74,101,145,102,68,58,35,38,41,184,208,224,216,185,210,222,224,221,217,178,195,218,222,235,232,223,204,189,237,234,176,115,96,61,54,55,66,70,82,84,84,101,93,99,78,73,76,77,74,63,64,80,98,83,81,83,71,93,85,102,84,85,74,58,58,61,58,63
68,64,68,71,75,80,76,67,75,76,69,55,50,50,51,53,73,74,53,53,45,36,40,34,63,29,29,42,74,81,79,113,56,38,90,145,182,206,234,223,191,221,219,217,200,183,213,216,215,219,219,216,200,212,152,37,39,24,25,37,62,103,135,122,68,59,47,48,52,185,213,223,213,168,219,222,224,225,214,146,198,223,232,235,231,223,181,227,233,219,148,101,84,106,81,62,69,85,93,105,116,112,103,113,106,82,68,54,49,71,66,94,107,90,69,104,90,80,84,76,67,67,61,77,61,58,63,64
76,87,85,72,75,77,81,84,73,67,62,66,60,57,59,50,46,56,76,85,47,33,29,46,32,31,48,46,44,57,66,84,86,65,68,146,202,147,230,226,207,194,230,223,197,169,193,217,213,216,217,217,198,215,139,38,32,26,27,44,84,109,124,120,60,44,43,59,61,159,212,221,205,173,222,224,225,221,193,127,213,226,236,238,232,207,189,212,231,184,156,119,101,94,100,121,111,73,68,75,78,86,85,102,112,122,90,63,60,60,83,86,76,80,78,84,82,92,104,84,71,72,56,69,55,58,57,59
69,76,68,69,76,80,78,80,69,56,56,69,71,58,57,61,63,53,34,35,65,83,48,70,26,44,97,106,82,52,41,33,69,61,62,130,180,148,215,204,210,164,225,225,209,182,156,204,205,209,212,212,187,197,111,63,29,20,28,40,64,95,120,115,56,48,57,70,49,157,218,217,180,192,222,222,222,220,189,154,222,234,237,237,222,182,211,204,213,189,169,108,97,128,80,49,53,66,62,76,67,72,61,87,80,69,79,122,106,81,63,72,61,74,77,76,78,80,83,86,81,80,59,65,54,60,54,53
75,80,80,81,86,78,77,71,61,49,51,56,64,85,81,72,54,46,34,29,38,44,61,96,105,97,75,77,74,73,86,73,49,62,47,62,131,200,164,221,213,170,161,200,219,206,162,204,215,219,220,208,188,113,103,62,40,23,26,40,84,108,124,99,57,54,55,63,51,130,210,191,142,191,222,223,221,205,135,139,223,231,233,223,183,191,227,199,153,206,165,141,106,79,63,68,82,63,67,90,83,76,77,97,105,113,122,105,106,109,64,87,80,75,79,78,74,74,89,99,68,72,68,65,60,51,59,58
79,81,103,106,86,78,77,72,53,56,56,59,64,66,80,65,53,55,68,62,80,88,59,43,29,41,82,79,72,66,65,61,63,58,73,60,133,175,161,209,236,204,103,193,218,200,142,176,221,221,222,213,200,108,72,51,42,31,35,45,83,122,109,79,66,54,42,41,49,108,212,209,147,209,222,225,222,179,121,164,210,206,217,208,174,220,211,146,173,192,151,153,118,108,98,60,66,72,67,65,60,78,89,106,108,70,73,70,62,67,67,78,87,73,73,86,106,109,96,88,83,86,80,66,66,61,65,62
68,74,77,73,71,71,69,48,45,49,49,51,56,65,59,56,48,44,50,44,52,58,37,30,30,27,37,42,59,60,46,46,73,98,97,73,126,151,179,151,232,211,140,143,196,199,140,146,221,221,213,208,191,102,61,38,33,36,43,46,72,95,121,71,55,56,56,45,68,69,188,212,125,214,224,227,224,159,123,187,185,195,218,192,177,225,178,120,193,161,167,158,155,106,124,109,108,91,63,65,78,122,111,72,67,72,72,78,67,67,68,110,103,94,90,70,85,80,90,82,72,82,70,60,70,73,81,79
53,56,64,61,72,63,53,41,52,58,69,73,80,67,51,31,35,36,56,51,52,48,43,37,42,69,80,83,73,62,49,57,46,69,76,103,137,182,190,149,200,195,196,185,212,211,180,129,198,212,202,202,146,65,46,36,27,36,37,40,71,100,85,58,46,51,58,65,57,69,130,184,145,208,226,224,191,121,183,219,221,223,227,171,210,197,121,197,209,146,166,155,155,125,112,85,126,118,110,126,136,104,76,82,78,77,76,80,80,65,68,65,74,81,92,88,67,78,79,64,68,103,92,74,79,67,73,79
56,60,67,72,81,69,63,90,98,89,73,59,63,74,51,35,36,44,46,53,66,80,69,33,32,43,50,66,108,113,99,100,91,95,78,84,118,169,220,201,134,181,192,171,235,227,191,167,214,213,216,186,93,49,57,38,38,38,34,51,67,98,86,52,66,54,51,63,54,60,118,136,193,218,222,217,182,134,220,217,211,231,202,183,193,142,143,218,167,123,135,157,162,118,100,82,78,118,114,81,79,92,99,103,97,104,85,68,80,62,77,64,70,88,85,90,77,78,86,80,91,77,68,76,81,79,73,72
68,68,69,74,76,70,76,81,72,80,69,74,71,68,55,59,65,65,76,90,94,99,108,84,77,79,106,143,124,131,109,46,33,57,102,127,103,133,185,219,111,125,154,115,164,186,177,129,205,221,194,128,82,42,52,42,40,48,52,68,91,115,89,72,73,54,61,48,54,65,95,193,215,214,211,208,167,179,226,197,205,218,166,212,158,95,210,205,139,155,138,138,161,145,139,107,82,70,86,114,86,79,96,100,83,85,65,69,62,67,81,70,89,120,90,92,84,72,68,65,68,80,79,79,77,74,80,78
77,71,74,75,74,70,74,74,76,69,61,68,68,79,78,66,52,38,37,43,43,63,70,103,104,104,105,80,93,103,101,111,119,129,137,124,102,125,129,184,159,106,163,123,156,184,195,208,210,168,88,58,59,62,45,40,49,48,54,71,90,91,87,72,71,62,64,60,47,48,63,126,205,219,213,203,147,144,195,163,178,127,156,176,136,177,209,163,164,167,147,130,127,109,130,106,86,84,57,72,109,119,102,115,110,117,110,75,86,63,66,73,86,97,68,62,87,91,83,61,72,82,77,77,77,81,73,78
58,82,83,74,76,73,77,77,83,66,82,77,68,56,59,88,119,108,116,123,127,148,116,99,130,148,129,149,154,114,101,74,57,64,72,121,115,151,131,131,181,133,162,176,191,186,169,140,93,43,42,52,42,34,28,37,47,47,61,74,102,105,86,73,65,85,71,57,54,49,63,67,109,178,214,216,194,198,213,204,190,111,186,177,134,189,148,140,191,153,146,154,135,135,109,82,69,80,81,86,84,97,128,118,114,120,101,81,84,81,77,75,71,62,82,79,88,86,91,80,73,85,87,83,79,82,83,80
54,70,66,73,72,77,81,78,77,71,73,64,70,90,96,57,41,42,69,48,68,92,140,162,154,175,162,162,150,118,76,79,115,108,119,118,120,109,129,119,145,128,129,88,76,72,75,67,50,47,52,45,38,37,37,55,58,62,65,76,102,96,74,78,69,75,59,56,39,45,45,51,51,70,106,166,206,221,215,221,205,155,218,184,166,168,96,130,126,137,118,129,115,116,142,139,116,109,82,92,120,118,122,132,141,110,109,108,88,91,69,73,74,72,74,67,74,61,77,71,73,83,89,88,75,82,91,92
68,75,74,79,65,68,75,75,82,83,87,61,55,63,81,67,79,59,57,49,83,129,174,166,153,164,161,158,152,160,122,99,101,86,86,104,93,115,129,162,167,92,62,67,72,90,74,68,57,56,50,34,28,37,44,61,68,58,75,76,89,96,81,69,70,76,46,55,45,46,60,64,57,56,52,53,90,125,190,197,202,149,184,136,193,177,151,140,143,134,139,141,143,141,124,133,144,116,125,146,131,123,111,105,93,93,136,118,113,129,106,88,81,90,85,83,76,66,64,67,69,79,92,92,88,89,85,88
80,72,73,69,60,72,68,77,77,85,89,69,67,66,49,71,60,73,65,78,109,129,152,160,158,172,140,131,135,136,108,80,61,69,102,129,138,119,129,153,92,64,67,89,108,106,96,92,80,70,63,54,37,49,56,70,71,58,68,90,85,88,75,76,55,58,56,48,45,40,55,59,60,59,58,57,51,51,77,132,177,192,188,174,164,166,172,170,174,166,135,114,136,132,119,148,146,144,144,122,116,118,123,138,142,144,151,123,121,90,80,90,103,91,71,62,69,75,65,79,78,82,102,104,92,92,90,82
65,68,82,68,74,71,72,73,75,92,71,63,60,67,56,81,59,55,58,57,107,111,119,138,118,98,136,148,150,143,123,57,54,80,89,122,130,144,144,137,65,58,74,69,69,83,92,103,116,103,93,82,67,81,75,77,73,68,83,96,83,69,75,68,56,52,54,48,46,74,82,87,102,111,109,88,85,67,53,57,105,206,199,190,181,180,175,180,157,148,149,137,156,149,153,127,123,136,130,150,126,127,119,111,102,91,112,110,132,148,128,89,73,90,79,66,72,77,74,69,83,89,95,102,101,94,87,87
56,70,83,72,77,75,70,74,68,76,54,55,57,65,77,83,74,64,72,111,81,86,90,100,144,148,143,159,164,160,141,95,74,90,125,126,148,153,130,80,56,48,47,46,47,56,67,70,84,115,144,155,130,125,114,89,78,72,97,107,105,82,96,73,78,66,53,69,90,143,150,161,144,119,109,106,90,97,70,50,57,124,148,185,167,155,175,167,162,165,152,172,170,149,140,125,117,112,118,125,144,135,114,128,128,113,116,123,112,94,116,167,142,111,74,66,87,70,76,69,89,92,95,101,113,99,86,93
66,87,78,81,76,74,76,69,71,72,50,49,47,62,72,68,57,71,113,113,146,129,127,142,120,130,174,177,177,176,166,135,94,86,95,131,113,125,113,65,55,48,31,29,43,46,41,40,44,72,95,125,160,158,146,145,124,109,105,118,120,94,93,112,124,126,128,157,168,159,135,98,85,75,66,68,67,70,81,71,47,71,130,189,154,165,165,180,142,142,159,175,126,131,140,83,116,133,132,137,135,145,140,135,128,128,119,102,104,117,123,105,112,111,109,88,81,85,90,87,75,101,105,106,115,105,89,95
71,87,91,86,82,83,75,65,77,71,54,48,50,59,68,56,73,77,54,61,69,95,136,119,137,122,112,155,161,174,122,91,81,79,78,131,113,118,111,69,50,33,36,37,48,61,51,31,26,24,39,77,95,125,125,144,151,147,135,140,143,121,140,159,166,162,149,128,102,86,58,41,30,30,43,67,82,75,77,84,57,48,91,149,160,166,166,177,164,138,151,162,136,142,152,151,141,142,126,122,129,147,117,127,122,117,111,105,97,90,78,91,124,106,87,89,107,96,95,106,96,105,103,100,106,105,100,98
91,92,82,76,78,70,66,60,68,67,65,62,57,62,54,48,65,65,73,59,89,142,137,116,120,142,169,191,182,155,147,105,98,96,94,83,130,138,105,70,51,37,34,36,58,91,103,70,57,31,23,32,65,87,104,123,126,148,150,176,152,165,165,160,148,122,94,76,63,44,39,40,60,71,62,47,66,56,58,67,48,41,71,127,144,162,167,164,136,148,116,101,101,120,107,158,145,137,159,156,144,151,137,135,134,131,126,115,108,96,82,91,94,115,144,108,99,125,113,102,97,95,110,102,103,110,104,101
82,88,88,78,82,77,59,55,41,51,63,56,70,64,53,49,45,80,81,65,96,89,113,117,155,160,191,147,137,136,160,170,139,139,131,114,106,105,75,75,53,34,34,43,56,68,83,114,108,85,65,29,37,67,81,85,92,121,137,168,158,154,131,108,92,97,81,55,32,51,84,94,99,98,93,86,75,58,66,49,34,35,62,104,166,144,161,152,121,114,129,113,130,140,135,98,103,134,95,122,149,165,138,156,161,154,133,119,141,112,89,91,93,82,83,118,108,96,118,101,101,98,111,107,116,132,117,105
96,86,82,92,86,68,58,46,49,68,53,51,63,72,65,41,29,50,76,86,112,79,98,90,103,161,93,127,161,178,177,163,116,55,64,68,77,113,91,72,47,38,38,46,56,72,62,63,82,101,110,61,28,51,81,92,66,74,91,134,126,131,105,85,80,78,57,27,58,94,99,96,98,99,93,88,72,46,58,59,29,33,61,117,146,161,145,107,165,138,127,135,137,131,150,158,129,109,139,117,121,142,161,134,127,134,153,159,133,120,105,93,87,88,70,73,111,107,105,123,129,108,103,105,114,124,115,103
104,91,101,106,66,59,60,55,57,49,53,49,56,63,62,66,75,62,52,93,60,72,115,141,168,128,125,146,164,162,141,126,141,142,85,80,112,121,93,67,54,49,34,51,76,78,80,98,115,132,99,72,35,26,59,81,56,49,64,79,79,91,80,83,86,78,25,52,82,94,87,82,76,80,81,70,56,50,49,46,31,43,76,100,146,119,163,135,83,137,153,106,98,94,129,110,134,155,159,161,133,133,159,151,152,147,140,139,145,155,157,142,114,81,86,91,94,102,106,116,113,119,105,107,111,115,112,111
95,91,110,87,65,65,77,77,72,50,59,57,55,71,66,47,57,36,56,82,78,57,97,95,103,115,140,123,126,153,146,166,154,125,121,148,80,63,85,83,57,52,52,48,66,93,120,117,124,110,95,93,82,50,24,80,87,76,78,83,78,80,92,106,100,38,51,88,77,75,69,60,50,51,52,52,52,64,59,34,35,54,76,99,135,166,120,127,142,105,104,161,130,115,111,114,111,63,82,151,152,148,145,163,159,158,158,146,156,144,144,134,124,136,140,116,105,108,130,108,110,116,113,112,112,113,119,116
92,103,107,79,66,76,58,54,59,46,52,51,64,63,48,41,61,59,100,71,65,86,102,62,97,106,84,84,139,146,166,114,149,157,150,109,130,125,97,86,71,45,52,71,81,94,112,111,110,99,98,91,88,88,38,37,100,99,88,83,67,69,95,100,48,48,80,72,78,77,68,60,58,51,50,55,53,51,37,38,47,68,85,115,125,144,107,92,130,108,143,132,132,77,125,129,100,114,131,101,147,161,159,172,158,157,148,135,117,121,127,114,99,85,90,109,129,131,113,117,107,115,117,113,117,119,119,118
113,121,98,82,74,72,61,59,63,51,58,54,77,67,53,44,48,53,87,49,50,101,87,70,81,77,87,101,174,175,169,159,183,158,147,151,95,73,89,101,71,53,52,67,78,80,68,82,91,77,85,74,76,66,56,26,62,112,102,109,110,103,109,61,61,85,103,89,85,84,69,61,61,57,52,45,40,32,34,36,54,77,78,110,131,111,139,119,139,82,105,150,118,105,82,93,150,149,114,154,150,124,165,160,174,174,153,133,139,128,131,141,143,144,129,121,107,92,106,139,140,124,118,115,121,121,129,122
130,116,87,80,88,77,76,65,75,69,73,53,60,59,63,56,56,83,78,59,86,48,53,91,47,72,81,156,189,178,174,176,176,139,162,119,63,119,114,119,127,81,47,56,59,62,61,48,56,52,56,57,72,68,64,67,88,109,116,120,135,125,92,53,75,93,84,88,90,83,95,72,79,77,80,52,46,30,27,40,61,103,115,121,105,138,134,77,99,127,78,107,185,178,123,92,143,142,157,102,144,157,136,155,140,153,156,178,171,178,168,145,133,125,113,105,106,90,102,119,112,126,139,125,121,129,138,123
126,102,88,91,89,77,85,84,82,80,79,58,55,62,57,58,64,83,77,79,90,53,90,57,57,85,152,180,169,137,151,188,156,157,151,120,167,121,171,131,82,78,72,64,58,55,45,45,48,53,60,65,75,77,83,74,77,77,95,108,100,100,66,67,83,85,94,91,92,74,80,78,70,66,64,33,22,22,28,47,92,112,134,123,117,135,111,124,85,99,135,103,82,172,149,135,144,163,151,161,123,172,154,157,147,152,163,151,136,154,153,132,142,128,106,104,107,97,100,115,116,113,114,137,134,125,127,123
107,90,93,95,77,76,90,89,95,86,70,54,53,64,54,61,62,62,63,87,83,64,80,60,68,120,159,151,137,107,174,167,151,174,185,181,114,161,101,120,105,99,71,58,49,45,48,50,41,38,45,48,63,50,46,34,32,55,62,62,57,48,63,58,58,75,85,80,56,72,85,72,50,50,42,32,34,31,48,54,74,115,104,164,102,121,99,110,127,161,97,111,128,151,166,156,113,102,132,149,157,152,162,160,152,143,152,159,158,148,136,114,81,80,94,99,104,96,109,118,121,117,113,120,139,136,135,128
114,102,104,89,89,89,100,94,95,92,61,56,54,58,58,56,62,63,59,82,70,97,88,78,128,128,122,101,130,157,161,129,141,191,177,181,189,154,150,145,123,84,85,57,78,95,69,32,29,32,47,45,37,37,36,37,31,52,77,89,65,47,68,68,59,67,58,79,70,64,63,58,63,39,37,42,42,43,67,64,98,101,139,93,160,116,145,134,125,169,176,148,124,186,177,180,126,97,53,123,176,166,167,169,159,164,139,138,149,132,107,89,78,88,99,98,95,97,99,116,115,107,116,120,122,126,133,130
109,110,101,103,99,113,107,90,109,76,55,56,52,66,56,50,58,68,59,82,70,120,71,104,80,92,71,110,121,124,156,128,179,101,178,199,199,184,163,126,131,105,131,127,93,70,32,23,27,27,41,34,32,34,26,30,32,49,88,114,63,48,55,37,38,20,29,42,50,55,63,60,62,55,34,27,33,50,92,105,93,134,122,134,118,157,88,97,125,120,160,174,129,160,189,189,152,133,66,86,156,181,144,162,155,165,158,122,105,118,142,114,91,91,93,99,86,88,102,120,105,113,119,123,122,125,135,135
120,119,103,112,121,120,103,90,99,60,57,57,73,67,60,58,67,73,69,70,75,118,99,60,56,104,79,138,133,126,174,188,155,147,169,174,195,196,169,175,153,147,168,138,83,62,54,47,72,41,31,44,36,23,22,22,39,57,116,86,52,43,49,34,22,25,22,37,51,46,44,43,54,48,39,36,44,52,70,104,142,90,150,154,112,142,177,117,97,160,155,171,152,135,160,158,182,162,142,141,158,192,170,161,160,144,147,134,110,99,117,135,125,94,92,100,93,88,98,110,104,113,121,121,128,122,133,134
116,109,124,127,129,124,117,108,91,73,55,60,59,66,59,63,56,67,62,87,88,132,71,55,57,111,77,146,127,159,180,115,160,169,170,177,176,204,193,177,165,174,127,138,100,114,95,100,40,68,70,38,32,34,29,36,55,64,123,76,50,55,44,28,22,20,20,31,30,32,42,51,88,72,84,34,40,65,77,95,109,155,83,173,157,151,167,169,144,146,153,154,128,129,118,171,172,165,177,168,178,180,175,151,143,137,125,141,113,100,95,98,103,126,91,98,101,92,89,99,108,113,121,125,125,129,131,140
112,120,127,121,129,130,119,99,81,73,60,63,66,70,68,70,62,69,69,83,104,101,50,43,48,118,137,118,107,167,148,130,176,167,173,93,163,163,182,202,201,177,159,139,139,145,95,67,61,81,35,58,82,67,33,69,82,64,110,62,64,89,52,48,51,31,22,25,44,65,48,40,39,69,61,77,97,89,131,111,105,131,161,177,165,129,162,180,190,121,117,141,146,140,113,136,148,158,182,191,187,145,161,158,150,139,144,151,134,111,114,109,105,103,119,97,111,98,95,102,112,120,130,120,123,131,139,142
131,132,121,129,128,123,117,99,90,80,82,85,86,71,65,77,66,64,62,76,95,79,43,40,52,133,129,101,114,163,129,116,177,181,142,135,82,150,189,202,188,183,169,177,179,140,130,116,115,65,46,78,56,58,48,78,82,73,115,115,103,82,78,44,43,56,28,40,35,59,71,44,99,73,67,79,137,105,149,146,99,98,134,183,162,171,175,167,196,169,98,134,159,165,120,121,107,173,181,167,164,170,153,155,141,128,121,119,150,100,88,90,94,106,108,107,101,101,93,98,113,116,131,122,119,125,143,138
133,130,133,141,126,126,101,93,96,81,89,94,88,68,63,57,57,87,77,72,92,63,37,48,82,134,80,106,154,147,132,118,187,156,172,142,181,174,176,153,185,162,199,186,160,129,140,123,146,97,100,98,98,73,68,115,99,91,114,120,60,56,99,66,84,63,38,95,43,53,93,49,73,122,97,102,113,120,137,161,158,119,165,186,169,137,187,161,156,175,107,106,67,154,135,154,137,169,140,158,145,135,137,134,99,83,77,88,105,121,81,76,86,89,106,112,108,95,96,105,111,112,131,123,121,123,136,127
123,139,149,141,127,117,107,107,100,91,93,97,89,82,57,56,88,96,77,69,96,59,58,59,98,97,74,136,157,121,147,168,140,161,150,182,164,124,170,150,150,180,187,185,187,183,164,177,164,119,146,159,122,140,132,139,95,147,116,97,73,61,102,109,92,91,56,100,68,82,95,94,80,98,159,111,139,160,124,168,170,179,151,177,170,163,131,178,112,163,176,130,79,106,173,185,164,157,123,156,117,122,124,129,112,87,88,87,119,114,101,70,81,85,91,97,100,102,98,117,119,119,129,135,134,124,124,126
135,143,148,139,126,120,124,121,99,95,99,100,89,66,66,77,77,83,76,70,91,58,60,86,66,98,83,151,105,108,155,134,126,174,127,158,114,120,188,190,162,182,181,191,193,192,182,194,178,131,163,150,160,167,178,161,137,175,157,136,117,111,135,145,103,144,88,138,98,78,117,142,119,94,176,153,139,158,181,184,162,163,158,159,177,147,126,166,180,161,112,162,106,82,168,165,157,158,160,154,170,140,150,152,145,135,126,117,131,117,122,104,102,102,102,98,107,100,107,121,116,122,123,139,131,124,128,132
141,148,146,142,139,138,129,118,109,96,97,98,82,70,70,77,80,82,64,86,77,73,79,63,66,85,118,130,86,130,139,139,157,128,145,133,156,179,183,189,176,136,148,144,189,183,166,190,178,141,176,161,188,162,156,176,158,178,154,161,178,167,158,179,152,186,142,163,140,141,148,163,154,149,173,176,152,169,176,160,180,159,120,176,162,174,108,133,175,161,116,131,140,130,102,151,171,142,139,115,158,141,128,128,137,129,113,106,120,109,104,103,91,87,89,95,93,91,105,114,108,126,130,131,138,131,133,140
138,145,142,155,136,128,120,131,105,118,114,100,77,71,87,104,100,76,71,77,84,84,64,73,84,78,109,113,105,140,131,144,113,168,159,130,133,191,203,142,147,141,104,101,166,171,133,138,152,162,173,173,188,132,159,164,180,176,169,167,170,176,159,175,169,183,165,133,166,165,149,142,180,166,149,180,176,157,186,157,171,176,155,129,186,143,135,112,146,156,122,114,180,153,121,141,164,152,140,124,124,165,125,124,115,101,89,98,85,88,93,108,90,97,98,88,84,98,109,119,107,131,136,127,143,123,121,145
129,144,149,145,143,119,130,136,111,124,107,97,77,78,97,115,96,93,89,81,92,80,61,67,73,61,107,123,118,126,93,116,145,166,127,134,161,198,191,174,127,119,89,167,163,149,136,166,146,142,125,157,173,112,143,123,170,165,165,161,175,187,168,183,167,178,157,140,176,161,147,136,159,158,101,150,164,124,157,188,143,162,162,128,142,124,156,56,98,165,163,103,132,149,147,153,159,151,131,132,119,152,131,118,99,99,99,116,84,84,83,104,95,85,95,97,91,91,110,128,110,119,133,121,135,131,123,128
142,145,135,157,133,129,137,136,118,119,101,90,92,88,114,113,108,100,102,89,95,79,62,71,59,48,104,145,155,77,115,117,130,162,144,141,149,193,165,157,162,164,184,196,172,143,189,198,165,156,81,160,128,143,105,90,146,138,134,119,136,154,123,181,149,155,145,114,162,152,120,105,131,158,103,119,151,127,108,179,111,148,154,149,71,152,139,123,86,114,178,157,121,144,152,152,173,148,137,126,143,140,152,97,104,108,114,116,85,89,90,77,85,93,96,113,79,83,105,120,109,111,133,136,135,141,126,113
156,157,147,147,135,139,136,139,110,128,104,94,100,108,120,111,100,106,101,92,103,75,66,80,56,66,149,157,80,76,114,81,102,163,121,129,170,174,184,172,187,170,154,181,165,162,173,134,110,176,133,130,84,135,71,75,107,116,104,102,128,115,112,175,111,135,93,90,143,140,100,104,120,122,119,72,115,148,97,171,146,122,123,137,89,126,130,183,119,103,141,147,129,150,139,141,165,149,130,134,133,136,152,128,105,91,100,93,84,82,91,85,88,92,97,108,88,96,117,108,106,112,126,128,136,128,120,127
158,154,133,139,146,135,120,123,113,130,99,91,113,120,123,117,114,111,98,98,96,80,81,65,59,96,127,97,81,107,76,91,121,124,134,154,166,168,164,192,176,176,191,176,173,135,142,150,155,157,127,88,101,102,86,61,63,94,84,79,115,80,93,160,81,96,65,77,118,123,97,99,112,87,133,60,86,160,135,130,191,156,92,104,132,93,159,163,144,137,116,149,153,163,136,118,148,145,133,124,97,96,95,104,86,75,84,89,89,98,91,86,71,84,92,100,90,97,116,112,117,111,113,120,129,130,124,138
169,153,160,155,147,141,141,126,120,118,93,109,124,133,138,120,128,121,114,100,102,88,90,68,63,100,100,68,75,115,55,64,105,133,124,119,168,179,173,193,180,188,192,182,178,149,177,152,142,172,147,98,118,109,61,59,84,72,74,108,70,77,72,145,62,85,71,83,112,138,117,101,102,67,132,69,70,134,177,129,175,130,98,88,138,113,116,180,152,93,130,170,143,132,132,137,132,126,108,118,116,102,86,90,77,71,75,71,78,91,79,81,77,81,88,103,92,87,106,114,137,124,111,115,116,130,135,127
165,151,144,140,144,142,141,122,114,111,108,125,140,145,154,146,142,122,119,97,113,98,84,61,80,79,105,51,71,88,54,71,121,104,83,101,161,177,181,166,176,182,190,173,190,187,175,175,129,150,158,109,78,70,84,89,51,62,99,60,58,65,80,127,95,86,75,88,108,122,144,118,72,99,109,116,77,120,155,165,172,109,160,109,139,130,118,175,167,121,131,152,152,123,114,113,79,138,94,104,103,100,81,79,78,69,80,85,88,82,85,83,80,77,88,98,94,88,98,117,149,134,114,112,105,132,143,132
154,143,148,145,142,144,131,118,116,117,125,134,147,161,156,152,140,116,123,103,114,116,104,76,91,85,95,56,69,70,90,85,84,72,66,110,180,150,137,167,184,178,183,164,193,191,174,166,131,152,141,137,121,108,93,86,104,52,88,55,95,56,92,109,84,69,74,92,92,102,154,137,83,110,82,131,117,96,137,168,171,132,125,141,157,140,161,171,187,169,126,149,175,138,152,110,93,124,78,76,82,93,80,81,87,65,68,83,80,78,81,84,86,75,88,109,106,96,111,104,116,117,113,125,115,122,129,129
169,165,150,142,143,139,135,134,132,134,149,149,151,159,147,163,148,132,126,130,117,115,109,92,78,78,93,70,83,100,59,42,93,72,121,127,143,110,117,168,154,166,142,176,193,185,172,184,183,159,169,166,156,127,102,112,81,125,82,104,113,80,98,107,78,71,93,122,90,126,154,130,117,103,104,142,139,106,147,131,175,140,143,113,162,169,163,176,185,151,143,133,139,146,151,104,87,118,88,64,75,87,81,72,76,70,77,82,79,75,86,84,72,65,81,114,104,102,122,108,101,99,100,123,121,92,88,103
178,157,118,130,142,156,137,135,144,142,155,150,152,139,143,164,138,134,133,115,110,124,117,99,84,64,78,81,94,73,49,46,95,79,74,122,112,102,128,171,161,142,169,186,172,166,180,185,173,177,164,158,155,156,137,102,130,138,132,131,143,116,99,130,99,120,137,137,117,148,145,131,112,140,154,143,158,130,143,107,158,160,150,147,166,179,157,161,187,170,111,118,121,96,132,102,93,106,92,54,68,80,94,75,74,85,81,80,80,74,77,92,76,68,78,98,106,119,124,102,88,82,92,92,106,87,68,80
147,122,134,130,149,140,146,146,130,141,157,155,154,144,145,157,134,126,125,115,125,128,114,102,81,62,84,88,98,86,56,49,62,60,59,103,83,97,152,153,147,160,169,168,145,178,184,183,187,174,178,167,171,165,161,153,161,150,174,166,154,145,125,139,109,145,150,164,144,141,138,141,151,168,161,167,155,169,162,149,156,179,168,159,169,152,174,141,169,172,111,82,96,107,91,110,74,79,90,63,65,69,75,75,78,87,88,77,70,68,68,93,81,77,77,106,101,121,100,93,81,95,114,90,88,85,70,73
158,143,149,148,146,143,137,144,132,145,148,157,157,169,165,156,126,127,119,122,123,112,107,101,77,88,73,73,74,69,66,57,54,93,69,72,76,113,133,118,125,161,172,138,175,187,175,181,161,183,173,166,184,180,171,164,174,169,170,163,140,162,165,160,153,168,156,160,149,150,155,168,170,162,157,156,152,156,140,148,167,182,180,170,158,157,160,154,146,153,120,80,83,86,89,85,81,63,79,55,50,54,58,65,60,68,70,70,67,60,69,85,77,83,79,100,100,117,101,84,91,101,99,98,83,77,86,75
128,149,161,143,157,132,136,147,127,158,154,157,165,179,173,149,136,149,125,137,151,121,97,109,82,78,69,80,77,65,57,70,52,91,75,46,82,142,73,106,120,160,163,151,174,172,161,160,152,182,179,168,180,176,166,177,174,185,160,149,152,149,168,176,175,174,167,166,154,152,158,157,168,163,164,161,158,163,166,155,161,167,157,152,160,144,147,125,128,139,118,80,72,82,67,63,66,79,71,56,53,52,48,55,48,45,52,65,74,62,65,75,79,84,84,97,83,114,114,78,94,85,72,85,94,87,96,84
135,138,148,162,162,138,152,144,140,146,156,151,167,181,180,144,144,144,132,131,153,127,107,99,101,82,81,86,74,73,58,66,68,71,89,52,122,71,72,97,114,148,126,136,174,157,170,147,172,171,175,167,173,161,167,172,152,183,177,171,170,139,158,173,169,159,166,167,163,168,172,167,160,158,157,167,166,166,167,138,157,153,132,134,136,127,134,111,115,136,112,60,63,79,66,63,57,63,68,56,50,49,44,42,45,35,51,60,81,61,57,78,87,85,73,78,74,102,109,88,97,74,65,76,73,66,73,85
